lat
1801784
1912919
1748356
1858953
1781398
1806591
1825807
1967677
1994810
1978169
1833415
1971044
2066792
2170489
2367860
2770018
2829566
3130271
3503264
3587419
3953478
4389597
4673603
5020214
5459210
6062806
6563174
7209218
7898949
8507761
9268706
9647673
9589047
9619847
9661958
9326888
9404728
9426637
9312698
9175622
9139853
9091890
9092606
9106036
9090960
9251399
9295678
9198768
9204076
9322736
9388305
9524516
9530660
9683917
9980330
9857296
9922721
10198368
10119404
10076973
10259079
10090875
9947616
10010144
9938061
9957536
9939990
9848010
9876771
10060777
9625573
9627271
9664803
9753200
9415018
9420943
9552892
9432892
9220337
9352850
9241380
9093931
9184608
8927544
8918888
8837005
8515381
8750750
8636378
8651631
8802812
8820781
8678351
8824855
8967550
8900716
9005347
8986099
9119991
9171012
9226243
9140068
9357798
9363475
9395457
9483758
9605475
9753615
9960114
9739805
9954432
10110737
9983244
10166260
10030440
9905582
9982985
9818090
9860356
9771952
9780588
9786714
9716915
9842782
9501156
9699247
9549255
9633163
9457637
9396400
9569817
9389680
9247056
9270843
9284696
9145060
9496253
9345128
9343951
9417882
9205466
9291449
9380191
9521027
9672741
9584384
9868436
9688235
9865713
9844507
10024615
10170962
10270480
10265425
9979725
10152545
10106353
10089449
10127973
9994145
10128357
9902319
9719939
9866228
9920547
9805966
9882718
9874104
9783825
9777332
9692175
9774322
9701499
9612758
9559715
9563312
9503850
9386513
9394005
9220097
9145174
9123659
9133451
9146078
9017989
9312358
9312405
9596057
9563981
9798678
9926510
10091885
10187962
10400397
10099151
10200464
10286955
9987174
10078389
10396513
9790859
10131711
10070134
9881868
10006640
10126378
9706427
9873828
9889194
9967613
9708767
9791271
9685761
9801775
9729683
9689803
9633290
9790899
9597326
9547045
9452542
9368989
9392259
9147352
9199966
9108954
9085554
9149883
9395516
9319477
9132794
9325569
9269216
9366961
9394780
9487677
9537285
9657808
9914986
9767107
9941661
9996982
10155897
9982415
10024533
9897369
10091729
9848404
9914397
9761822
9830948
9747954
9536081
9631378
9614947
9632952
9530834
9394034
9277656
9219214
9034381
9170697
9012093
9043198
8572942
8914305
8930310
8835669
8780458
8475465
8554102
8804648
8335707
8834613
8585260
8293708
8834156
8616323
8419024
8596269
8873876
8707740
8637461
8829488
8804442
8639094
8848442
8770034
8863003
9012786
9045478
8972751
9070787
9028228
9023879
9013321
9196208
9034397
9075280
9290972
9317513
9228227
9321682
9293602
9384488
9546094
9483342
9490382
9868981
9892439
10002465
9854566
9943739
9797671
9996191
9811617
9860711
9860819
9955638
9852379
9693528
9642264
9498678
9555707
9743233
9479065
9418758
9956336
9637683
9700524
9722878
9633411
9586086
9532739
9377522
9343937
9491557
9691227
9738617
9656708
9630356
9576639
9615608
9504441
9530723
9628227
9421530
9309820
9383472
9222351
9236066
9041706
9185548
9105411
9051548
9190285
9254296
9246193
9211609
9333105
9298630
9244150
9378700
9480480
9612165
9665628
9790273
9961672
10051129
9986238
10341154
10422625
10142535
10226230
10246929
10243014
10210367
10156044
10166463
10140004
9941231
10064407
10172459
9922171
10008268
9940787
9949920
10149267
10021140
9861989
10006597
9877008
9707506
9875523
9854323
9426139
9588427
9554133
9482131
9424889
9373108
9108003
9191004
8998723
8934915
9088915
8994911
9221825
9025723
9095058
9263172
9174982
9265161
9309424
9172552
9093328
9041414
8859808
8978238
8573834
8695147
8635234
8660715
8923490
8746635
8736836
8916878
8899713
8774103
8829714
8757786
9017615
9024463
9140585
8980541
9222352
9033656
9129472
9136470
9229042
9205015
9518376
9536017
9716947
9585281
9691529
9466056
9615907
9534021
9404796
9388287
9344358
9248677
9337264
9114121
8900289
9046160
8995165
8934961
9025505
9071951
9144421
9168012
9210461
9169099
9293140
9221916
9351323
9430851
9555596
9493019
9638019
9687337
9890019
9904301
9927210
10104129
10383024
10159129
10265941
10237034
10181099
10132115
10290836
10154890
10211023
10234663
10095787
10321340
10305437
10223337
10310102
10270826
10167535
10374099
10297153
10129073
10403136
10296251
10116975
10240187
10122557
10244533
10013468
10051263
10009701
9950840
9934318
9930556
9961177
9813423
9781791
9855924
9724210
9818042
9404905
9601029
9503900
9514122
9331822
9318411
9333852
9219447
9168735
8508888
9021835
9002411
8524827
8806332
8714007
8635227
8744888
8825054
8534465
8784652
8695201
8524629
8740317
8642968
8525303
8628566
8670997
8652970
8630015
8515608
8413029
8641020
8653605
8499097
8372432
8515477
8479410
8295333
8732974
8571605
8688853
8584019
8474972
8661985
8777069
8608478
8684913
8803729
8741707
8926023
8921006
8823466
9066136
8880634
9003464
8986419
9157468
9125544
9179516
9011551
9338211
9350758
9362080
9406799
9560179
9527271
9687397
9869761
9923606
10059599
10219803
9994702
10171249
10116659
10021845
9893672
10190203
9833757
9904398
9976537
9731354
10001514
9990186
9826437
9948727
9815498
9759496
9777902
9887967
9761688
9643641
9704004
9561488
9545337
9477500
9263757
9358956
9272354
9204461
9161600
8985368
9322865
9232351
9538713
9483822
9770853
9837306
10038582
10062910
10182795
10266718
10184496
10158020
10160109
10069498
10403829
9762700
10120179
10014913
9967038
9986673
9948497
9910656
9916614
9883927
9882885
9847216
9809715
9636044
9745571
9756777
9635340
9739800
9684255
9594795
9486044
9510426
9202435
9341686
9390827
9021209
9067259
9198290
8916267
9320892
9234981
9194809
9189722
9268193
9316451
9280441
9424266
9557187
9681240
9628309
9803781
9953255
10114444
10185475
10188089
10277349
10161093
10314735
10089979
10104737
10220262
10256346
9999369
10277272
10037346
10192335
10021514
10166199
10103897
9997493
10082346
10102738
10091400
10133278
10120406
10197762
10190401
10273308
10034514
10353451
9838689
10186063
9874252
9995542
9899735
10008114
9899363
9932715
9741094
9781972
9911427
9727818
9492448
9774931
9538284
9735139
9678843
9402220
9266963
9405828
9275523
9019443
8859023
9404676
8819900
8776923
8924129
8944204
9093831
8890826
8777543
8852685
8694698
8942698
9154463
9012687
8957126
9141747
8957358
8905725
9259179
8997901
9137075
9177187
9001420
8989671
9100838
8729205
8777313
8753676
8581856
8702067
8700683
8772883
8955733
8930995
8900573
8896891
8965479
9149357
9132938
9185454
9334819
9304810
9193021
9304441
9522209
9697596
9762695
9722686
9831775
9993991
10194495
10310851
10448255
10145800
10279838
10377072
10066937
10364233
10309607
10170814
10328988
10319149
10225669
10111628
10405085
10268055
10193194
10318549
10290437
10134847
10304888
10136896
10339254
10119243
10150858
10286245
9920473
10112960
9891556
10099228
9921645
9960848
9991883
9770424
9947614
9776020
9840162
9850421
9551968
9703829
9668400
9717825
9655239
9485830
9527301
9420310
9475741
9432627
9050066
9277719
9047827
9269486
8894395
9293940
9099106
9258428
9255641
9243235
9190878
9411332
9467651
9515743
9632379
9730974
9727263
9971418
10027633
10200387
10285898
10089937
10307080
10338169
10071249
10144103
10379885
10069788
10189582
10428349
10073711
10168254
10372757
10136048
10160942
10364121
10135470
10097447
10399350
10089099
10195598
10157797
10103442
10046957
10058125
10032214
9931039
9915670
9972664
9896959
9866035
9878154
9737642
9841942
9641143
9721619
9653958
9578541
9621184
9634488
9456980
9369167
9510792
9336577
9175395
9395833
9285158
9129551
8945580
9160645
8913235
9250762
9267111
9363107
9332447
9167196
9192115
9475708
9470907
9605017
9436770
9847119
9759930
9944439
9880606
10115743
10198637
10427683
10100758
10233094
10111525
10147141
9851772
10056451
9815812
9953689
9931373
9934423
9856895
9955105
9822196
9881219
9876301
9804928
9697132
9836740
9754463
9617494
9699828
9570203
9627493
9403553
9455831
9132114
9145154
9130748
9118958
9099987
9148305
9233590
9438652
9586770
9689003
9712518
10082897
9941694
10091911
9946013
9874821
9997580
9888888
9800264
9816444
9858028
9823286
9708392
9753362
9613029
9656978
9758639
9697472
9646187
9635294
9570021
9561617
9385523
9383465
9550506
9322161
9126751
9343893
9096300
9370399
9316913
9374768
9522312
9457337
9032406
9354983
9614522
9505333
9551755
9698110
9743270
9688659
9816570
9894538
9919348
10039641
9843508
9791303
9892540
9851918
9708604
9611082
9760442
9464043
9492818
9449822
9428633
9288890
9152939
9357434
9061489
9005650
9147385
8690517
8875316
8532300
8668511
8626225
8700863
8808114
8679756
8713429
8910208
8784399
8975056
8959547
8993857
9188401
9118196
9226710
9269871
9317991
9490120
9608428
9583643
9707409
9819641
10034300
10265016
10235040
10232745
10194114
10217235
10244864
10206152
10185428
10311905
10245750
10232914
10217390
10066966
10189651
10007040
10216943
9979369
10070976
10010384
9923056
9991457
10127229
9783977
9871205
9846739
9772388
9823599
9666508
9604491
9736089
9598831
9596271
9557313
9466633
9479438
9407096
9385801
9266421
9302291
9307218
8995887
9174552
9179824
9059588
9304407
9246275
9245341
9278654
9130420
9088029
9441915
9291523
9403460
9409321
9791514
9793870
9798079
9765782
10119479
10168572
10218620
10243103
10223606
10247112
10365831
10198685
10154742
10214341
10338988
10134847
10209257
10382465
10156708
10182284
10389649
10099144
10170775
10336343
10179160
10116167
10435322
10078035
10244688
10268779
10006858
10157859
10392627
9759342
10198453
10023852
9885716
9967836
10077856
9945606
9871447
9870741
9816333
9841957
9662732
9625340
9755227
9693383
9675879
9556762
9598374
9497297
9403226
9553278
9145903
9469368
9133765
9126401
9176336
9017269
9078277
9277792
9159748
9264348
9075562
9065377
9219972
9402456
9336512
9418120
9564825
9741704
9744029
9787478
9896227
10107606
10310674
10125461
10168803
10324629
10129348
10261198
10236519
10076670
10216543
10321328
10128711
10288428
10225167
10054379
10276994
10221427
10091585
10351679
10123826
10209766
10178701
10207345
10078552
10142070
10101691
10243877
9743319
10234454
9885770
9878769
10013823
9946576
9744824
9988963
9659969
9743021
9737390
9759626
9561677
9761192
9608809
9642988
9513209
9699818
9559379
9208981
9543545
9418975
9246465
9201317
9209599
9169995
9394627
9029453
9313348
9305409
9550894
9105343
9165506
9342181
9749001
9396604
9638043
9545519
9836034
9934698
9896965
9830998
10022728
9981019
9967801
9963000
9831578
9866497
10163732
9676354
9756341
9605589
9686283
9718190
9492863
9506144
9416876
9517045
9332499
9333603
9039192
9209154
8975644
8934330
8652097
8655079
8763964
8647448
8456770
8651274
8645459
8727182
8617525
8756078
8590656
8626487
8896138
8799612
8872872
8660847
8846473
8930007
8905514
8980567
9111345
9115809
9028035
9306097
9227505
9398643
9533865
9629823
9501478
9404581
9405408
9315184
9236555
9116983
9133068
9220047
9094753
9252229
9546196
9645108
9690845
9802686
9995644
10199823
10285533
10161025
10157913
10168292
10131514
10254303
10193571
9964614
9992309
10287656
9757372
9937816
10012274
9955964
9850134
10036140
9772485
9754245
9814871
9784390
9698711
9643641
9689778
9774281
9644261
9626059
9449188
9601960
9305697
9312340
9229679
9286211
9014841
9178128
8945196
9133665
9081086
9389858
9249710
9213553
9383438
9141735
9182548
9319254
9483121
9502346
9546575
9673376
9855087
9796501
9946887
10187575
10068429
10163411
10318013
10025594
9966384
9997864
9932370
9905297
10031820
10011932
9787877
9933903
9816829
9520651
9781077
9671494
9613539
9506680
9572636
9464421
9543260
9626543
9337140
9387870
9267892
9189854
9127692
9131362
9119989
8805438
8891314
9017619
9019989
8723618
9012780
8714710
8550752
8800740
8856001
8662628
8839867
8543055
8531989
8669762
8563498
9007224
8458579
8592457
8808880
8613386
8657208
9022912
8890714
8795185
8783448
8777867
8879536
8937709
9078122
9055072
9023718
9046119
8973516
9038546
9234012
9195760
9068574
9134521
9000724
9220805
9370898
9149962
9266312
9305667
9327650
9521911
9654375
9599643
9754846
9811065
9842520
9897640
10128878
10056954
10428568
9806010
10062259
10008542
10002041
10018253
10011265
9833994
9821025
9890187
9809710
9707073
9730434
9623558
9777207
9861787
9413701
9523784
9675709
9523417
9324826
9516200
9316148
9246666
9437174
9202176
9135503
9202498
9220884
9296379
9206470
9316810
9167252
9112573
9222026
9443765
9533800
9589603
9594733
9759421
9827443
9865703
10151392
10197294
10135982
10270101
10252893
10248884
10104886
10230826
10129782
10155400
10062861
10094711
9988640
10200211
9975003
10057202
10112960
9964774
10047455
10121665
9998470
9978660
10122657
9877446
9970307
9971319
9965628
9900777
9987995
9893270
9823833
9691050
9715560
9647328
9721718
9666182
9460197
9689807
9569829
9658386
9848634
9807373
9827601
9855867
9820377
9968211
9635910
9654682
9749592
9915558
9497981
9604769
9784084
9526521
9521008
9388032
9469319
9365455
9326687
9380466
9077480
9259329
9064072
9399817
9393835
9299829
9352065
9307160
9323023
9354566
9522438
9541437
9736930
9950507
9800373
9897195
10232357
10181449
10112587
10107016
10181437
10335749
10037558
10029270
9953513
10003137
9982485
9990443
9856852
9817147
9862539
9942059
9742162
9668428
9764956
9839418
9431918
9559223
9494741
9409204
9426761
9295337
9408079
9262049
9246609
8834913
9134608
8915162
8915413
8807724
8613571
8730593
8825659
8801016
8940547
8884915
8926352
8929183
9029889
9116084
9214832
9202894
9184680
9236548
9412209
9392352
9449963
9687543
9619033
9605902
9848482
10025270
9852590
9983212
9944366
9880701
9687450
9675501
9821684
9767511
9478849
9591352
9704075
9507010
9568345
9334202
9525149
9315926
9171400
9293982
9248014
9225478
8879434
9138946
9066003
9161405
9096972
9244118
9410886
9287495
9283888
9078788
9309611
9415601
9446078
9553429
9647029
9798403
9951370
9940601
10069281
10234250
10222539
10029662
10273163
10130111
10045658
10141607
9956966
10026390
9810616
10000573
9855748
9907712
9831433
9832686
9807511
9984078
9754799
9775577
9693602
9733473
9704289
9686250
9582916
9606200
9384049
9438077
9230453
9232118
9145143
9153952
9092736
8996655
9022476
9249644
9443279
9472274
9572783
9678633
10072107
9734190
10016036
9930047
9888650
10175594
9759010
9855624
9856259
9757630
9885628
9767874
9681814
9685692
9834976
9677334
9701350
9599781
9636619
9629963
9471772
9441000
9431370
9320100
9535944
9270085
9242052
9074507
9446326
9429926
9404570
9411576
9330169
9191750
9491988
9504998
9575024
9650953
9905414
9743372
9977714
10090468
10103123
10294001
10257853
10177597
10303358
10125829
10142408
10426876
10165936
10191892
10431436
10115914
10291796
10104953
10311519
10257411
9954598
10224270
10194232
10035271
10163931
10000903
10151746
10097557
10138564
10003158
10096364
10103330
10260097
10032697
9984500
10269356
9824022
10162837
9861258
10071057
9948193
9673053
9881619
9707370
9661102
9700542
9662114
9710824
9632187
9496024
9606844
9675143
9652119
9742644
9473379
9519935
9630922
9740244
9465944
9642182
9034719
9454455
9211934
9176372
9111476
8918995
8989217
9066401
8937847
9180184
9316658
9316571
9440392
9719079
9578449
9479650
9306687
9615432
9381705
9112184
9318317
9161093
9054134
9222769
9044533
9108745
9205423
9408329
9260923
9350302
9283151
9353594
9351183
9306641
9533345
9588014
9611775
9707406
10025456
9813559
9907897
10295386
10241204
10009528
10282070
10426676
10044581
10282904
10323576
10126380
10200891
10476489
10099398
10132945
10560440
10082689
10270216
10244302
10269201
10204946
10304174
10222496
10246633
10094219
10245506
9858617
10329420
10028173
10132096
10028551
10273957
9785937
10069152
9996106
9891458
10091071
9855620
9844015
9860789
9718700
9909297
9681333
9639148
9518524
9711535
9748766
9519074
9296311
9751625
9462590
9177576
9454448
9182363
9228883
9337961
9044605
9141686
9126815
9324000
9301784
9402682
9237649
9264604
9134205
9059691
9178879
9249454
9448344
9363465
9270053
9475778
9698116
9771056
9681646
9789245
9608141
9535327
9491462
9529698
9318762
9444292
9291358
9119614
8893614
8881224
8989270
8837190
8814701
8624389
8618901
8398580
8680196
8782645
8473152
8613773
8887733
8758007
8925092
8878291
8888188
8787834
8868975
9049367
8970781
9215472
9108591
9100823
9011532
9375581
9303712
9355261
9466040
9549335
9681820
9776397
9895159
9958466
10189104
10235262
10195983
10263735
10198010
10260970
10267423
10226737
10186262
10198253
10074613
10150444
10188048
10214709
9795462
10011680
10011731
9971587
10018292
9928622
9876692
9821849
9702434
9814966
9712231
9517305
9587444
9643783
9649395
9531208
9253905
9590586
9373187
9128987
9261039
9149368
9130365
9211869
9091096
8932363
9020969
9179600
9179476
9328529
9424499
9113405
9243267
9235998
9229525
9405943
9487606
9533140
9715999
9740499
9714960
10002747
10319570
10009893
9970654
10032432
10105418
9987977
9934601
10180728
9957867
10006698
9998295
9964235
9865745
9966177
9940561
9873186
9829589
9847996
9819253
9952860
9791308
9891090
9715227
9796184
9777566
9681292
9519693
9611153
9459201
9377577
9407588
9239665
9170400
9176917
9210140
9033048
9112619
9208274
9392174
9549143
9607350
9737982
9952245
10174136
9858882
10040120
10076718
9984915
9963594
10090129
9919784
9874427
9785381
9946931
9756945
9698433
9630007
9891082
9711935
9642668
9586854
9686790
9547305
9436962
9543905
9359220
9496395
9479798
9113424
9408482
9120437
9369306
9366050
9407920
9433578
9212206
9234727
9373665
9565630
9588704
9499062
9893016
9948524
9839224
10065250
10191668
10274379
10214757
10078354
10299825
10360803
10132289
10084674
10258115
10208808
10020367
10291808
10030832
10057207
10055926
10109716
9864879
10007092
10128078
9842200
10016303
9835410
10000665
9889624
9933154
9657349
9776498
9941774
9801267
9673887
9807618
9673016
9625908
9671665
9575090
9586034
9540680
9505443
9329243
9692390
9606492
9509184
9682961
9792729
9681081
9912097
9840388
9715023
9985169
9968667
9806374
9952110
10081432
9850199
10154260
9964055
9808671
9983466
9913805
10150900
9660984
9815577
9712798
9715740
9635765
9679331
9540322
9549350
9306058
9305351
9344590
9434317
8944450
9187790
9094780
8956913
8902756
9095498
9018765
8891653
9122191
9085076
9177037
9389209
9072064
8957804
9044184
9134873
9181807
9429331
9214338
9065820
9188864
9217718
9283435
9576384
9396863
9330056
9490367
9632412
9715394
9750813
9904185
9829187
9735519
9826136
9712066
9759147
9573148
9528590
9554507
9505942
9466323
9500752
9354686
9180466
9046528
9154656
9100511
9075236
8877255
8894489
8707903
8737345
8764966
9025003
8813691
8855587
9054989
9168740
9079011
9087912
9126485
9257243
9356323
9474533
9576339
9597698
9855350
9687449
9781392
10091732
10146372
10264144
10225176
10135581
10257935
10172095
10055409
10348917
10253863
9808262
10028252
10163424
10012481
9857775
10333510
9731850
10003841
9944914
9789277
10039011
9690228
9815084
9804743
9745126
9724139
9877499
9790502
9530125
9660015
9473055
9408546
9435221
9453888
9233284
9134183
9193434
9476395
9532310
9163412
9588932
9430870
9304690
9598698
9511088
9676399
9945716
9768550
9958589
10158244
10186482
10289692
10329269
9986136
10360677
10227071
10118792
10319342
10298542
10138271
10297909
10303594
10264876
10239678
10213289
10281774
10288617
10276263
10377895
10118408
10288511
10254766
10316976
10060237
10149232
10338857
9841245
10110663
9972313
9967424
10019636
10198197
9717176
9989162
9849634
9724597
9858084
9706809
9576020
9736703
9661429
9614143
9521512
9637448
9512187
9439689
9291952
9427991
9280586
9186655
9054928
9145737
8993493
9224365
9399317
9303525
9228823
9206596
9192359
9435201
9342884
9450039
9555942
9573746
9726004
9906323
9863892
10052073
10389939
10118756
9966326
10274508
10097505
9908619
10035989
9976325
9920269
9976854
9928207
9858093
9942723
9782758
9878580
9924661
9767929
9882403
9787242
9836847
9694505
9677268
9590200
9681202
9430572
9324635
9337299
9268252
9244028
9249156
9187414
9013520
9175510
9466601
9480906
9534566
9854453
9914355
9996869
10353102
10137615
10053835
10276214
10227255
10073930
10285083
10206355
9707326
10143447
10044963
9978673
9904702
10288190
9748550
10057257
9715883
9809584
9964310
9747252
9680449
9806067
9788967
9714331
9561539
9777236
9584120
9590590
9473080
9340478
9325962
9260708
9069640
9063997
9143946
9174024
9431639
9200565
9224329
9205661
9195805
9367715
9357486
9445917
9496012
9704120
9773614
9854187
9841778
10179700
10380911
10167365
10182546
10467758
10182226
10122185
10358031
10091621
10133559
10303858
10214122
9945871
10143270
9883959
9994069
9992078
9907445
9893945
9795080
9837749
9765721
9785865
9778363
9737247
9766305
9573229
9381524
9538351
9458404
9390066
9249229
9345708
9077704
9168389
8905415
8863244
8756197
8792300
8523513
8521671
8704863
8691408
8660541
8831600
8778801
8790544
8871655
8984088
8897915
8911752
9204043
9093330
9061142
9204108
9143175
9155474
9301020
9236890
9257078
9395301
9663522
9169492
9512509
9539295
9681467
9772844
10087201
9624347
9732860
9672941
9798396
9665568
9495479
9623550
9526642
9490712
9445910
9376663
9368886
9356307
9403678
9101583
9121437
8978024
9214413
9062777
9145359
9155721
9252885
9463832
9153981
9390616
9110889
9288782
9400608
9481637
9499676
9553309
9705508
9888633
9812951
9964162
10209310
10303557
10149723
10324835
10195633
10261505
10241021
10122446
10114982
10200510
10041697
9942839
10043669
9979730
9952336
9943283
9756480
9903775
9745256
9673836
9719338
9610399
9654720
9579236
9496475
9582016
9530753
9412259
9326718
