miss ratio
0
0
0
0
0
0
0
0
0
0
0
0
0
0
0
0
0
#DIV/0!
#DIV/0!
0
0
0
0
0
0
0
0
0
0
0
0
0
0
0
0
0
0
0
0
0
0
0
0
0
0
0
0
0
0
0
0
0
0
0
0
0
0
#DIV/0!
0
0
0
#DIV/0!
0
0
0
0
0
0
0
0
0
0
0
0
0
0
0
0
0
0
0
0
0
0
0
0
0
0
0
0
0
0
0
0
0
0
0
0
0
0
0
0
0
0
0
0
0
0
0
0
#DIV/0!
#DIV/0!
0
0
0
0
0
0
0
0
0
0
0
0
0
0
0
0
0
0
0
0
0
0
0
0
0
0
0
0
0
0
0
0
0
0
0
0
0
0
0
0
0
#DIV/0!
#DIV/0!
0
#DIV/0!
#DIV/0!
#DIV/0!
#DIV/0!
0
0
0
0
0
0
0
0
0
0
0
0
0
0
0
0
0
0
0
0
0
0
0
0
0
0
0
0
0
0
0
0
0
0
0
0
0
0
0
0
0
#DIV/0!
#DIV/0!
0
0
0
0
0
0
0
0
0
0
0
0
0
0
0
0
0
0
0
0
0
0
0
0
0
0
0
0
0
0
0
0
0
0
0
0
0
0
0
0
0
0
0
#DIV/0!
0
0
0
0
0
0
0
0
0
0
0
0
0
0
0
0
0
#DIV/0!
0
0
0
0
0
0
0
0
0
0
0
0
0
0
0
0
0
0
0
0
0
0
0
0
0
0
0
0
0
0
0
0
0
0
0
0
0
0
0
0
0
#DIV/0!
0
0
0
0
0
0
0
0
0
0
0
0
0
0
0
0
0
0
0
0
0
0
#DIV/0!
0
0
0
0
0
0
0
0
0
0
0
0
0
0
0
0
0
0
0
0
0
0
0
0
0
0
0
0
0
0
0
0
0
0
0
0
0
0
0
0
0
0
0
0
0
0
0
0
0
0
0
0
0
0
0
0
0
0
0
0
#DIV/0!
#DIV/0!
0
0
#DIV/0!
0
0
0
0
0
0
0
0
0
0
0
0
0
0
0
0
0
0
0
0
0
0
0
0
0
0
0
0
0
0
0
0
0
0
0
0
0
0
0
#DIV/0!
#DIV/0!
0
0
0
0
0
0
0
0
0
0
0
0
0
0
0
0
0
0
0
0
0
0
0
0
0
0
0
0
0
0
0
0
0
0
0
0
0
0
0
0
0
0
0
0
0
0
0
0
0
0
0
0
0
0
0
0
0
0
0
0
0
0
0
0
0
0
0
#DIV/0!
#DIV/0!
0
0
0
0
0
0
0
0
0
0
0
0
0
0
0
0
0
0
0
0
#DIV/0!
0
0
0
0
0
0
0
0
0
#DIV/0!
0
0
0
0
0
0
0
0
0
0
0
0
0
0
0
0
0
0
0
0
0
0
0
0
0
0
0
0
0
0
0
0
0
0
0
0
0
0
0
0
0
0
0
0
0
0
0
0
0
#DIV/0!
#DIV/0!
#DIV/0!
#DIV/0!
#DIV/0!
#DIV/0!
0
0
0
0
0
0
0
0
0
0
0
0
0
0
0
0
0
0
0
0
0
0
0
0
0
0
0
0
0
0
0
0
0
0
0
0
0
0
0
0
0
#DIV/0!
#DIV/0!
0
0
0
0
0
0
0
0
0
0
0
0
0
0
0
0
0
0
0
0
0
0
0
0
0
0
0
0
0
0
0
0
0
0
0
0
0
0
0
0
0
0
0
0
0
0
0
0
0
0
0
0
0
0
0
0
0
0
0
0
0
0
0
0
0
0
0
#DIV/0!
#DIV/0!
0
0
0
0
0
0
0
0
0
0
0
0
0
0
0
0
0
0
0
0
0
0
0
0
0
0
0
0
0
0
0
0
#DIV/0!
0
0
0
0
0
0
0
0
0
0
0
0
0
0
0
0
0
0
0
0
0
0
0
0
0
0
0
0
0
0
0
0
0
0
0
0
0
0
0
0
0
0
0
0
0
0
0
0
0
0
0
0
0
0
0
0
0
0
0
0
0
0
0
#DIV/0!
#DIV/0!
0
0
0
0
0
0
0
0
0
0
0
0
0
0
0
0
0
0
0
0
0
0
0
0
0
0
0
0
0
0
0
0
0
0
0
0
0
0
0
0
0
0
0
0
0
0
0
0
0
0
0
0
0
0
0
0
0
0
0
0
0
0
0
#DIV/0!
#DIV/0!
0
0
0
0
0
0
0
0
0
0
0
0
0
0
0
0
0
0
0
0
0
0
0
0
0
0
0
0
0
0
0
0
0
0
0
0
0
0
0
0
#DIV/0!
#DIV/0!
#DIV/0!
#DIV/0!
#DIV/0!
#DIV/0!
#DIV/0!
0
0
0
0
0
0
0
0
0
0
0
0
0
0
0
0
0
0
0
0
0
0
0
0
0
0
0
0
0
0
0
0
0
#DIV/0!
#DIV/0!
0
0
0
0
0
0
0
0
0
0
0
0
0
0
0
0
0
0
0
0
0
0
0
0
0
0
0
0
0
0
0
0
0
0
0
#DIV/0!
0
0
0
0
0
0
0
0
0
0
0
0
0
0
0
0
0
0
0
0
0
0
0
0
0
0
0
0
0
0
0
0
0
0
0
0
0
0
0
0
0
0
0
0
0
0
0
0
0
0
0
0
0
0
0
0
0
0
0
0
0
0
0
0
#DIV/0!
#DIV/0!
0
0
0
0
0
0
0
0
0
0
0
0
0
0
0
0
0
0
0
0
0
0
0
0
0
0
0
0
0
0
0.001392758
0
0.001988072
0.001897533
0
0
0
0
0
0
0
0
0
0
0
0.003496503
0
0
0
0
0
0
0.004076087
0
0
0
0
0
0
0
0
0
0
0
0.001612903
0
0
0
0
#DIV/0!
#DIV/0!
0
0
0
0
0
0
0
0
0
0.005376344
0.001474926
0
0
0
0
0
0
0
0
0
0
0
0.002016129
0
0
0
0
0
0
0
0
0
0
0
0
0
0.002012072
0
0
0
0.002735978
0.001468429
0
0
0.001129944
0
0
0
0
0
0
0
0
0
0
0
0
0
0
0
0.010666667
0
0.00617284
0.001512859
0.017804154
0.005865103
0
#DIV/0!
#DIV/0!
0
0.001438849
0
0
0
0
0.058823529
0
0.001503759
0.003350084
0
0
0
0
0.001639344
0.001692047
0
0
0
0.004201681
0
0.003384095
0.00203252
0
0
0.003034901
0.00554785
0.002659574
0
0
0
0
0
0
0
0
0.015679443
#DIV/0!
#DIV/0!
0.006493506
0.002403846
0
0
0
0
0
0
0
0
0
0
0
0
0
#DIV/0!
0
0
0.005328597
0.001560062
0.001841621
0
0
0
0
0.003913894
0.166666667
#DIV/0!
#DIV/0!
#DIV/0!
#DIV/0!
#DIV/0!
#DIV/0!
#DIV/0!
0.008498584
0
0
0
0.006072874
0.002020202
0
0
0
0.001960784
0
0
0.005484461
0
0
0
0.001639344
0
0.003521127
0
0
0.004123711
0.018847007
0.011578947
0.002270148
0.006443299
0.002614379
0
0
0
0
0.002666667
0
0.003053435
0
0
0
0
0
0.002331002
0
0
0
#DIV/0!
#DIV/0!
0.007092199
0
0
0
0
0
0
0
0.001628664
0.009009009
0
0.003508772
0
0
0
0
0
0.005607477
0
0
0
0
0
0
0
0.00174216
0
0.028481013
0.008347245
0.010909091
0.015151515
0.015759312
0.003401361
0
0
0.014556041
0
0.001984127
#DIV/0!
0
0
0
0
0
0
0
0
0.002906977
0.009408602
0.00623053
0
0
0
0
0
0
0
0
0
0
0
0
0
0
0
0
0.009079118
0.006666667
0
0
0
0
0.012244898
0.014388489
0
0
0
0
0
0
0
0
0
0
0
0
0
0
0
0.013986014
0.011029412
0.001432665
0.026162791
0.002020202
0.005272408
0
0
0
0.006963788
0.016021362
0.005563282
0
0
0
0
0
0
0
0
0
0
0
0
0
0
0
0
0
0
0
0
0
0
0
0
#DIV/0!
#DIV/0!
0
0.001333333
0
0
0
0
0
0.005464481
0.009174312
0.00170068
0
0
0
0
0
0
0
0.001960784
0.001650165
0
0
0
0.003067485
0.008344924
0.004032258
0
0
0
0
0
0
0
0
0
0
0.033955857
0.019362187
0
0
0.002020202
0.001923077
0.001666667
0.001865672
0.063235294
0.006908463
0.070484581
0.071794872
0.018867925
0.059701493
0.004651163
0
0
0
0
0
0
0
0
0.005517241
0
0.003460208
0
0
0
0
0
0
0
#DIV/0!
0
0
0
0.001801802
0
0
#DIV/0!
#DIV/0!
0
0
0
0
0
0
0.006134969
0
0.001515152
0
0
0
0
0
0
0
0
0
0.001808318
0
0
0
0
0
0
0
0
0
0
0
0
0
0
0
0.001672241
0
0
0.004
0.002567394
0
0
0
0
0.05615942
0.016666667
0.002293578
0
0
0
0
0
0
0
0
0
0
0
0
0
0
0
0
0
0.001338688
0.001398601
0
0
0
0
0
0
0
0
0
0
0
0
0
0
0
0
0
0
#DIV/0!
0.004149378
0
0.007858546
0
0
0
0
#DIV/0!
#DIV/0!
0
0
0
0
0
0
0
0
0.001890359
0
0
0
0
0
0.001769912
0.010852713
0
0.008264463
0
0.018666667
0.001886792
0.001972387
0.001694915
0.001689189
0
0
0
0
0.001459854
0
0.001689189
0
0
0
0
0
0
0
0
0
0.008695652
#DIV/0!
#DIV/0!
#DIV/0!
#DIV/0!
#DIV/0!
#DIV/0!
0
0.012383901
0
0
0.00204918
0
0
0
0
0
0
0.00203666
0
0
0
0
0
0
0
0
0
0.002016129
0
0
0.001506024
0
0
0.007843137
0
0.005333333
0.001763668
0
0
0
#DIV/0!
0
0
0
0
0
0
0
0.019400353
0
0
0.013544018
0.008714597
0.004232804
0.012080537
0.001345895
0
0
0
0
0
0
0
0
0
0
0.007207207
0
0
0
0
0
0
0
0
0.003856041
0
0
0
0
0
0
0
0
0
0.001715266
0
0
0
0.001362398
0.004297994
0.019973369
0
0.008605852
0.009090909
0
0.007407407
0.01002004
0.003167899
0.003432494
0
0.004347826
0
0.001490313
0
0.011400651
0.036997886
0.008152174
0
0
0.027027027
0
0.02173913
#DIV/0!
#DIV/0!
#DIV/0!
#DIV/0!
0.012638231
0.009310987
0
0
0
0
0
0
0
0
0
0.25
0.042857143
0.060810811
0.010687023
0.088888889
0.025341131
0
0
#DIV/0!
#DIV/0!
0
0
0
0
0
0
0
0
0.003289474
0
0
0
0
0
0
0
0.001766784
0.001901141
0
0
0
0
0
0.00405954
0.012228261
0
0
0.003025719
0.003968254
0
0
0.002004008
0
0
0
0
0
0
0
0
0
0
0
0
0.005576208
0
0
0
0
0
0
0.001430615
0
0.003225806
0
0
0.002012072
0
0
0
0
#DIV/0!
0
0.075757576
0
0.02310231
0.004175365
0
0
0
#DIV/0!
0
0.003361345
0
0
0
0
0
0.012944984
0.012251149
0
0
0
0
0
0
0
0
0
0
0
0
0
0.004010695
0
0
0
0.166666667
0
0
#DIV/0!
0
0.005208333
0
0
0
0
#DIV/0!
0
0
0
0.001811594
0
0
0
0
0
0
0
0
0
0
0
0
0
0
0
0
0.002087683
0
0
0
0
0
0.001972387
0
0
0
0
0
0
0
0
0.003533569
0
0
0.0013947
0
0
0
0
0
0
0
0
0
0
0
0
0
0.002020202
#DIV/0!
0
0
0.031779661
0
0
0.001219512
0
#DIV/0!
#DIV/0!
0.053571429
0
0
0
0
0
0
0
0.022608696
0.00172117
0
0
0
0
0.013071895
0.045731707
0.017027864
0.003007519
0
0
0
0.002134472
0.001349528
0.001766784
0.001883239
0
0
0
0
0
0.01551481
0
0
0
0
0
0
0
0
0
0.004846527
0
0.007772021
#DIV/0!
#DIV/0!
#DIV/0!
0.09375
#DIV/0!
#DIV/0!
#DIV/0!
0
0
0
0
0
0
0
0
0
0
0
0
0
0
0
0
0
0
0
0
0
0
0
0
0
0
0.002352941
#DIV/0!
0.01978022
0.03047619
0.007194245
0
0
0
#DIV/0!
#DIV/0!
0
0.002272727
0
0
0
0
0
0.028571429
0
0
0.002487562
0
0
0.003631961
0.001550388
0
0
0
0
0
0
0
0
0
0
0
0
0
0
0
0
0
0
0
0
0
0
0
0.002096436
0.001445087
0.008032129
0
0
0.001438849
0.002735978
0.013392857
#DIV/0!
0.004411765
0.00390625
0.002118644
0.00140056
0.004962779
0.004842615
0.003952569
0.002444988
0.003211991
0
0
0.009380863
0.004310345
0
0.001490313
0
0
0
0
0
0.035493827
0.005444646
0
0.001402525
0
0
0
0
0
0
0
0
0
0.001984127
0
0.004846527
0.032467532
0.016393443
0.069565217
0.006849315
0.020833333
0.024539877
0.00617284
0.008460237
0
0.011904762
0.09375
0
0.012048193
0
0
0
#DIV/0!
#DIV/0!
0
0
0
0
0
0
0
0.005154639
0.001402525
0
0
0
0
0
0
0
0
0
0
0.001980198
0
0
0
0
0
0
0
0
0
0
0
0.010638298
#DIV/0!
#DIV/0!
0
0.006072874
0
0
0
0
0
0
0
0
0
0
0
0
0
0
0.009459459
0
0
0
0
0
0
0
0
0
0
0
0
0
0
0
0
0
0
0
0
0
0
0
0
0
0
0
0
0
0
0
0
0
0
0
0
0
0
#DIV/0!
0
0
0
0
0
0
0
0
0
0.00110011
0
0
0.001930502
0
0
0
0
0
0
0
0
0
0
0
0.003868472
0
0
0.002079002
0.002012072
0
0
0
0
0
0
0
0
0
0
0
0
0
0.001626016
0
0.001564945
0
0
0
0
0
0
0
0
0
0
0
0.001908397
0
0
0
0
0
0
0
0
0
0
0
0
0
0
0
0
0
0
0.001577287
0
0
0
0
0
0
0
0.001897533
0.004761905
0
0
0
0
0
0
0
0
0
0
0
0
0
0
0
0
0
0
0
0
0
#DIV/0!
#DIV/0!
#DIV/0!
#DIV/0!
#DIV/0!
#DIV/0!
#DIV/0!
0
0
0
0
0
0
0
0
0
0
0
0
0
0
0
0
0
0
0
0
0
0
0
0
0
0.002621232
0
0
0
0
0
0
0
0
0
0
0
0
0.023489933
0
0
#DIV/0!
#DIV/0!
0
0
0
0
0
0
0
0
0.003058104
0
0.001647446
0
0
0
0
0
0
0
0.001703578
0.017123288
0
0
0
0
0
0
0
0
0
0
0
0
0
0
0
0
0
0
0
0
0
0
0
0.001094092
0
0
0
0
0
0
0
0
0
0
0
0
0
0
0
0
0
0
0
0
0
0
0
0
0
0
0
0
0
0
0.005535055
0.010084034
0
0
0
0
0
0
0
0
0
0
0
0
0
0
0
0
0
0
0
0
0.058823529
0.005319149
0
0
0
#DIV/0!
0
0
0
0
0
0
0
0
0
0.024232633
0
0
0
0
0
0
0
0
0
0
0
0
0
0
0
0
0
0
0
0.006830601
0
0
0
0
0
0
0
0.001814882
0
0
0
0
0.035346097
0.008695652
0
0
0.022727273
0.005649718
0.018072289
0
0
0
0
#DIV/0!
0
#DIV/0!
0
#DIV/0!
0
0.001557632
0
0
0
0
0
0
0
0.004347826
