456 1863575
519 1924320
478 1842847
515 1934198
466 1824933
487 1916756
491 1887278
605 2061823
628 2134456
586 2061953
363 1870903
19 2019722
81 2122494
11 2418159
37 2749644
294 2695488
322 3122379
0 3231789
0 3609362
10 3738095
299 4471506
33 4603894
27 5164975
22 5501458
100 6125415
5 6501947
86 7187513
463 8147747
649 8736940
548 9537236
561 9922683
506 9851096
532 9771831
491 9739977
515 9827341
499 9523215
500 9677839
537 9515636
523 9357727
531 9261177
517 9201429
478 9112790
533 9214560
526 9285966
533 9475502
524 9394993
512 9257655
509 9429462
507 9488596
529 9708521
505 9625973
542 9756814
502 9861012
600 10149695
671 10197670
452 10279212
2 10342397
0 10539998
1 10581349
5 10251244
22 10465866
0 10488073
39 10306936
30 10217438
79 10253458
25 10208114
12 10172951
5 10125523
5 9989051
23 10092560
58 9871409
44 9895621
151 9909073
47 9688550
28 9803712
6 9550142
13 9564431
25 9569449
33 9436505
152 9339637
505 9118839
532 9076845
510 9185828
669 8852851
701 8778411
686 8685143
463 8917466
588 8965466
595 8644003
570 8820389
513 8899016
539 8835131
508 8822487
506 9066913
530 9053833
507 9029201
514 9006661
525 9220500
569 9233250
572 9290410
532 9416739
493 9428109
526 9512671
112 9576029
35 9734506
57 9724187
41 10058442
764 10199325
590 10393080
34 10165673
0 10516432
0 10560706
260 10308599
183 10266190
26 10550337
62 10194879
465 10408515
236 9893600
16 10258187
71 10147011
157 10227638
461 9757077
576 10018590
498 9863080
549 9931983
512 9872239
501 9759383
574 9830131
528 9611250
547 9605169
611 9505101
729 9688045
566 9360546
551 9247975
548 9468884
556 9721211
505 9828210
497 9546366
725 9419593
686 9451819
647 9575046
501 9583648
566 9819609
355 9914889
551 9890748
547 9884408
543 10008873
523 10044926
493 10199312
524 10361100
470 10501334
364 10591709
2 10597584
0 10487300
0 10266809
44 10523283
0 10485468
0 10245666
0 10270630
0 10240816
138 10194003
519 10193560
476 10011209
508 10147379
510 10124928
507 10232025
511 10128699
508 10081457
512 10030468
544 9928785
513 9969361
519 9914092
493 9811145
520 9869290
502 9764227
509 9728831
545 9611519
490 9514645
563 9524026
528 9340738
490 9159975
412 9196939
661 9214027
610 9279565
589 9424123
739 9387751
602 9677676
753 9870685
693 9953304
778 10330560
795 10437367
682 10624508
738 10539879
598 10407533
178 10427893
31 10530908
87 10550525
32 10471175
156 10246078
545 10634351
31 10054673
0 10385756
0 10351542
147 10345842
238 10005497
26 10293550
9 9802074
107 10050397
10 9930846
6 9984259
359 9842043
583 9998117
602 9671739
585 9657343
510 9881398
519 9913741
504 9679538
533 9897663
523 9914725
550 9598323
569 9648859
509 9523268
502 9555285
534 9423650
503 9026005
514 9308046
539 9545246
551 9514975
526 9504660
533 9412991
536 9451391
520 9522819
509 9483227
511 9628820
2 9693683
151 9828506
55 9923372
496 10056942
288 10145040
232 10019294
14 10520899
64 10519602
5 10251323
27 10210267
271 10386893
95 10164190
1 10196614
2 10246258
184 10190931
89 10012266
30 10029610
32 9944286
149 9793841
41 9753530
21 9866415
144 9764355
12 9694191
6 9505791
34 9358145
144 9351267
0 9066234
71 9316022
23 9001916
52 8870527
0 8602485
346 9287579
271 9157675
56 8786087
225 8651069
15 8398004
32 8538594
247 8699704
52 8606185
121 8591494
82 8484422
15 8606190
59 8585084
55 8559832
36 8596321
92 8581718
533 8782488
613 8787817
535 8701132
525 8652797
535 8805943
529 8666077
550 8884304
496 8662429
713 8881683
705 8906619
663 9005233
535 8887074
802 9231057
431 8944867
471 9112468
339 9189889
382 9110584
155 8943168
324 9191704
753 9167073
494 9261576
626 9269768
588 9277365
570 9510988
542 9524572
2 9610581
0 9658550
258 9969629
530 10023033
554 9949032
508 10293736
519 10306546
528 10171216
527 10106213
515 10123566
496 10166307
537 10088725
512 10007108
532 9790342
460 9921904
502 9793606
516 9769097
244 9504581
16 9653191
62 9779354
31 9645081
75 9613869
509 9948796
241 9769523
0 9855615
1 9936630
0 9862722
352 9669627
31 9722505
27 9629751
94 9757075
21 9650667
6 9901699
106 9920710
569 9998619
565 9845824
488 9882214
479 9822276
514 9668243
528 9693390
503 9629630
521 9631384
518 9441150
534 9468638
568 9337582
517 9395059
526 9260338
512 9143153
642 9344941
708 9306960
711 9511697
499 9468732
582 9556521
560 9404401
627 9516750
512 9449190
528 9784679
512 9779739
520 9716977
553 9950235
530 9984272
547 10209598
513 10266677
539 10593589
508 10720150
553 10643321
493 10623884
556 10767799
390 10519409
81 10609604
50 10626491
65 10514393
18 10503756
33 10532403
108 10348480
19 10157223
215 10367749
675 10284274
550 10221166
516 10337087
536 10256885
532 10145872
617 10188341
495 10385798
60 10104716
0 10163629
0 10116298
5 9845487
24 9874374
0 9981344
38 9727390
39 9553554
215 9646662
42 9389346
19 9364527
3 9386491
16 9028851
28 9249002
45 8903379
8 8795284
218 9341789
74 9042918
3 8933474
34 9397183
19 9186506
26 9366084
9 9391800
12 9425007
459 9236358
522 9231137
504 9011209
583 8933860
530 9052244
564 9030725
502 8640350
496 8753881
523 8645622
651 8829115
707 8816510
710 8845964
498 8863130
4 8933108
4 8871791
113 9048269
61 8976076
16 9014785
0 9021470
440 9159271
261 9102747
0 9256869
0 9125745
0 9193499
337 9433402
88 9399074
68 9504979
38 9700946
351 9655054
59 9785285
42 9864503
23 9990143
274 9686525
612 9917983
586 9691753
587 9783949
500 9658029
483 9550721
537 9428111
491 9495168
500 9314718
521 9332681
348 8999727
564 8965956
481 9154383
496 9176587
518 9231129
534 9412685
535 9402687
500 9518676
563 9380883
507 9371319
507 9467892
543 9603535
530 9625926
532 9655047
537 9776070
528 10010147
542 9897229
516 10003284
575 10183872
605 10356697
505 10547339
532 10491728
711 10660147
703 10608002
660 10473590
502 10582043
606 10612478
558 10427738
536 10527706
520 10563414
556 10465487
504 10593987
512 10753612
521 10541971
525 10597206
540 10867652
541 10567273
521 10598947
528 10728957
541 10633655
523 10494548
229 10685437
16 10596652
214 10544492
37 10536614
26 10487060
311 10444780
501 10642875
0 10475324
0 10310585
0 10203667
276 10227330
111 10302117
24 10346288
65 10130594
113 9983772
256 10135418
44 9929111
33 10019066
28 9971904
282 9802680
481 9829650
38 9668087
190 9730760
28 9602133
32 9382150
112 9157820
0 9303698
292 9235939
76 8926882
0 9234757
68 9041933
125 9105686
21 8634881
25 8857947
109 8880036
13 9903138
11 8551519
126 8904044
8 8596878
0 8762696
169 8942899
27 8452939
71 8588051
48 8902793
1 8804972
333 8861298
33 8494405
29 8560295
0 8514908
45 8745479
198 8567067
24 8507160
77 8498493
69 8399746
64 8397686
20 8685204
20 8400373
116 8696350
293 8661105
545 8558269
528 8738512
519 8627736
528 8757239
513 8601293
519 8736125
629 8844873
469 8789065
534 9001358
705 9009244
634 8821996
524 8956034
587 9094999
490 8960799
489 9093417
561 9327282
645 9190655
698 9315481
720 9322814
500 9243589
572 9453628
554 9661926
547 9697500
484 9702065
527 9952927
529 9882719
503 9863614
534 10207183
526 10322304
7 10383562
0 10839387
0 10226021
0 10401616
0 10610916
0 10236157
0 10275083
4 10319744
331 10222939
548 10212811
520 10340836
525 10320339
489 10271095
528 10167422
520 10229696
488 10156507
542 10340930
483 10087707
536 10076879
530 10133302
514 9925159
522 9961318
520 9945454
536 9852723
507 9620643
588 9729142
526 9562516
532 9489872
464 9421827
639 9236966
673 9333223
605 9279398
702 9433377
591 9648105
846 9757843
663 9783190
783 10084312
780 10298477
678 10587709
749 10445720
561 10469648
216 10417775
51 10447916
171 10391920
9 10293400
5 10344461
591 10723375
80 9791101
0 10319138
0 10434277
60 10187853
303 10015318
6 10113902
29 10073427
69 10062227
36 9858976
3 10008941
133 9881564
623 10028954
624 9588859
524 9745196
539 9918435
493 9839836
538 9726058
497 9973255
522 9686541
510 9609559
545 9802543
556 9377175
528 9851539
535 9164913
515 9512807
480 9057217
537 9744671
540 9444445
535 9547539
502 9379923
551 9465804
315 9261929
184 9459043
558 9630771
513 9546833
534 9594048
512 9873618
589 9898108
526 9900469
573 10241080
526 10309235
498 10474592
604 10837733
473 10342408
710 10446764
703 10654402
671 10506651
510 10284996
640 10673203
511 10346395
646 10500011
504 10680845
548 10374170
523 10222857
538 10821474
507 10135668
540 10421078
535 10523399
503 10418936
559 10192676
509 10411236
526 10500292
536 10322028
151 10756542
27 10762492
149 10367240
29 10588851
55 10608741
534 10415040
139 10335486
0 10443329
0 10404626
0 10111086
402 10336129
54 10244772
58 10208166
39 10184789
326 9959122
297 10072025
70 10127923
26 10195225
196 9591149
536 10014867
308 9777764
669 9863676
673 9757994
546 9581815
71 9722084
0 9251801
0 9409198
22 9227152
34 8989949
81 9126715
19 9451612
14 9051787
8 9083739
5 9169565
15 9034096
32 8823757
122 8738954
173 9151101
48 9068339
78 8894150
14 8969926
0 9060166
36 9087718
174 8934847
66 9236966
3 8887450
13 9371406
144 9139350
532 9155146
538 9095577
511 9000185
510 9007916
540 8951727
492 8715835
515 8767735
574 8815675
490 8590373
577 8861930
527 8872833
491 8886181
635 8880581
687 9115027
720 9126220
536 9115009
572 9170777
615 9202404
581 9359560
501 9364381
500 9381100
565 9475448
535 9497636
530 9673656
530 9635521
546 10001169
503 10090785
514 10119165
519 10242016
503 10420925
533 10693788
529 10780401
520 10476298
582 10574273
492 10759678
532 10481559
505 10580487
529 10852205
531 10471330
522 10636161
614 10743674
530 10517660
566 10563811
522 10816797
518 10476286
523 10584829
671 10836734
699 10529927
715 10623935
436 10577491
23 10494297
122 10584721
20 10561758
9 10316923
295 10554271
483 10701497
11 10111979
0 10266693
0 10719102
212 10123331
167 10255065
20 10303020
23 10145673
93 10253514
10 10196236
14 10041204
467 10201468
604 10003119
571 9968218
576 10015480
504 9929442
533 9890960
526 9768229
522 9973859
535 9925985
548 9524825
523 9612138
495 9363306
530 9449392
613 9261676
498 9219460
523 9450945
535 9726806
530 9488840
506 9227267
535 9490466
506 9320905
501 9417901
474 9422610
522 9684922
549 9731851
506 9815252
561 9797115
514 10139543
494 10147254
530 10149728
658 10632815
711 10750420
689 10429131
494 10314216
622 10923841
570 10343961
556 10478676
542 10779761
515 10441766
504 10345707
525 10792987
518 10399307
546 10414122
563 10861914
489 10398688
550 10418792
514 10820285
510 10487378
542 10410353
237 10751087
0 10419020
150 10411957
33 10441432
53 10406614
438 10479933
296 10415929
0 10242593
0 10400024
0 10362700
384 10232150
49 10237824
49 10187353
33 10150416
262 10104095
49 9887825
26 9971771
24 9863898
385 9939135
568 9896868
518 9917212
515 9703817
548 9825069
523 9765517
492 9724322
529 9553722
538 9366581
648 9471878
699 9548773
507 9188116
640 9185269
515 9224775
570 9333812
519 9345987
506 9499493
538 9420513
707 9510252
707 9428663
637 9455082
515 9532158
591 9713221
522 9682323
621 9862013
497 9926255
536 10131163
494 10119551
509 10284430
507 10288636
388 10709016
0 10711186
0 10434511
0 10468917
0 10669605
0 10330823
0 10377786
0 10408009
25 10397957
491 10056855
493 10234336
515 10153422
512 10188715
497 10280816
538 10121963
520 10173367
491 10176893
534 10141791
501 10123183
488 9971793
518 10046241
481 10008086
523 9810684
515 9889887
327 9774789
561 9695985
494 9512863
576 9448743
494 9383835
526 9318760
568 9269058
676 9181181
733 9357267
591 9398586
190 9422095
17 9749798
165 9919778
74 9983373
20 10119703
599 10647764
229 10180658
0 10085314
0 10311042
0 10168334
331 10184773
55 10117533
39 10072131
94 10066871
171 10118556
31 9809819
128 10102048
529 9905772
643 9852897
424 9681700
740 9902685
667 10014022
588 9783178
722 9850548
696 9824496
699 9632789
662 9633239
794 9405139
699 9405233
542 9456165
562 9397862
630 9348653
511 9555798
504 9282205
546 9542405
536 9435346
561 9569322
687 9444211
348 9381320
4 9616356
0 9539307
0 9718197
7 9779950
21 9922201
0 9768880
37 9842164
99 9932005
60 10007799
24 9894315
9 9969303
20 9880528
7 9822226
18 10035199
33 9808302
7 9836435
247 9783549
52 9896719
22 9534213
4 9745772
12 9574593
14 9580129
117 9323069
523 9382908
508 9169331
502 9170581
503 8921397
520 9023798
538 8739045
546 8770582
494 8662384
527 8631724
502 8732348
503 8789319
514 8725784
510 8857585
562 8946069
553 8967490
559 9034805
505 8932662
512 9074334
477 9167100
577 9382667
663 9283891
704 9536999
684 9552757
511 9527550
601 9690866
569 9839649
546 9946728
503 10122313
516 10431813
520 10348128
503 10757544
513 10645941
526 10510945
560 10626406
547 10641551
504 10405629
504 10685188
506 10663688
515 10439263
486 10660657
100 10567887
110 10385188
56 10659549
96 10311999
84 10408821
540 10555400
293 10349060
0 10261456
0 10365090
0 10450786
378 10171128
41 10308022
51 10121803
12 10134144
186 10009207
103 10038368
22 10008102
20 9857320
228 9833527
616 9867297
534 9835486
496 9731728
525 9729566
514 9713030
501 9585129
505 9467979
515 9539538
530 9426831
517 9272311
570 9279730
504 9224043
547 9289884
496 9392665
657 9489094
712 9473927
701 9560871
492 9250992
575 9319308
575 9474543
576 9507198
486 9653113
517 9624672
522 9639639
491 9859294
517 10018560
497 10075654
556 10182424
488 10146181
484 10475283
496 10867079
498 10554097
487 10502670
520 10596539
533 10627382
554 10619586
481 10660537
518 10403294
480 10748458
470 10651453
512 10606922
520 10667385
584 10650283
531 10543301
567 10689453
513 10554180
499 10692078
561 10526452
580 10553978
677 10710762
668 10576738
590 10550643
259 10663844
0 10528174
133 10580011
69 10418287
51 10362415
542 10703008
100 10102833
0 10390936
0 10473935
3 10162617
340 10235273
34 10365748
48 10093672
35 10222478
203 10183716
26 10025418
9 9961958
150 9915536
530 10015492
619 10009903
553 9752375
517 10004757
493 9585167
503 9864702
480 9728328
511 9551245
541 9634892
579 9436849
553 9350625
500 9414676
508 9320215
506 9420846
497 9086587
537 9435470
509 9431403
542 9324267
523 9346837
515 9240965
485 9415955
509 9395341
508 9593236
507 9616172
553 9783211
500 9851164
568 9983256
512 9990887
484 10258864
509 10484988
678 10523068
711 10621125
679 10449811
484 10413611
581 10583823
332 10489013
543 10529435
597 10627394
487 10415267
519 10605302
490 10523438
520 10386995
501 10720570
519 10478503
541 10453266
483 10770993
496 10436023
518 10584739
504 10806264
490 10371722
502 10573943
213 10833543
16 10336101
84 10456887
87 10728594
115 10227391
651 10497149
111 10131316
0 10243463
0 10668236
3 9978626
368 10198199
48 10273915
30 9781224
52 10044648
231 10011340
15 10061581
153 10049456
551 9955525
579 9933058
499 9781428
510 9914707
506 9937539
498 9527357
527 9885366
599 9927265
533 9279035
568 9701217
716 9709213
611 9423308
510 9364732
576 9773119
505 9425740
491 9351037
497 9577181
643 9618560
683 9768275
750 9356683
507 9402987
589 9700329
647 9648394
579 9758920
207 9863650
2 10104621
1 9872716
0 9994378
29 10124171
0 10381740
0 10345830
59 10193448
180 10330602
73 10321588
8 10089983
16 10085808
10 10090446
35 10123880
34 10038570
40 10245295
81 9844826
190 10039848
44 9698774
31 9647125
6 9718530
21 9599384
0 9641795
15 9373983
10 9333422
436 9045942
556 9078330
538 9039096
561 8776750
526 8843136
485 8596624
509 8451944
511 8776432
7 8575327
0 8694108
0 8730223
0 8758716
0 8589847
0 8629821
0 8746661
0 8682482
355 8829699
532 8996470
494 8841520
523 8857198
514 8945910
511 9184703
496 8968332
522 9110358
535 9343427
515 9229854
508 9267246
516 9545905
552 9660109
521 9826549
512 9765777
521 9674119
565 9722617
491 9584472
568 9607783
520 9399143
511 9432802
507 9287706
557 9322249
653 9296574
611 9504541
722 9645957
628 9817961
702 9885818
678 10226751
835 10323530
727 10619633
699 10469513
709 10630168
662 10652080
292 10366581
1 10645129
163 10536410
19 10476153
67 10466428
134 10309551
193 10425697
510 10514760
32 9848785
0 10273944
0 10120775
107 10074403
300 10173483
34 9924974
25 10025447
101 10068089
17 9758671
7 9745595
257 9781467
586 9681372
649 9866063
553 9624637
549 9702543
534 9538499
529 9732400
513 9569188
509 9707592
478 9475922
537 9349910
575 9186695
489 9273178
536 9141258
482 9234233
491 9269558
499 9326061
513 9568298
547 9751990
486 9201439
427 9310698
158 9523640
529 9557608
651 9469547
514 9826003
520 9775893
508 9784445
500 9888569
582 10197974
521 10409744
505 10351622
0 10474592
16 10388027
369 10367960
431 10611880
349 10297861
150 10158859
76 10370391
94 10173016
83 10114342
11 10234166
411 9983350
112 10133450
3 10065625
11 9736186
124 9771428
116 9945696
34 9694538
48 9629216
57 9607842
216 9522651
40 9626154
32 9710074
21 9529210
203 9675329
33 9514916
46 9246650
88 9456904
52 9290367
142 9255451
102 8670460
127 9280503
27 9503520
87 8925160
44 8919758
119 8947629
421 8903122
353 8451689
24 8853629
181 8727297
148 8973212
12 8418446
237 8784233
16 8647760
37 8845663
28 8634676
65 8554034
105 8885655
124 8625281
90 8669968
96 8595300
51 8968859
71 8574774
122 8782429
610 8932581
568 8639859
493 8789125
551 8785118
510 8777225
495 8963132
491 8923916
656 8969703
691 9009580
720 9208435
537 9171603
495 8906740
615 9151071
569 9006019
514 9131793
516 9042107
510 9216246
490 9230675
521 9241488
480 9246935
501 9435651
524 9509624
523 9689965
536 9542593
523 9870494
494 9842823
511 9803175
369 10252023
34 10398738
117 10461081
60 10266754
96 10459339
596 10759818
53 10053460
0 10492521
0 10251386
3 10318481
420 10506108
39 10131279
34 10352157
20 10236015
94 9885365
10 10050448
91 10002371
590 10039704
539 9964916
510 10027144
502 9852800
532 10006715
524 9665800
465 9630418
519 9817894
529 9534724
505 9598837
574 9707334
490 9538482
519 9231282
493 9237404
616 9535941
667 9557837
744 9499775
539 9837578
532 9239657
593 9282921
568 9312872
481 9531060
524 9762034
479 9523575
488 9825081
505 9862682
477 9985648
438 10084921
478 10426513
490 10446776
509 10508140
500 10476686
518 10664110
586 10454270
529 10476297
269 10561967
26 10499453
1 10403118
53 10437101
40 10507873
312 10298222
607 10474978
513 10187867
495 10342355
488 10345911
509 10442893
507 10121399
514 10349660
512 10252884
536 10160769
622 10301319
489 10207164
542 10199683
505 10068150
486 10204017
473 10114420
718 10139403
700 10096278
639 10083900
317 9849377
0 9961134
143 10098188
118 9876406
56 9667060
426 9587446
374 9738569
3 9561895
0 9830278
0 9938936
238 10230446
141 10244674
43 10103383
28 10100565
296 10167948
31 10061720
56 10176940
271 9962552
628 10081361
584 9953124
594 9872828
489 9928563
521 9960790
496 9766220
493 9715853
521 9623974
503 9716716
525 9719218
555 9452510
510 9270245
517 9133073
504 9362252
516 9345423
492 9502903
512 9594566
530 9598321
503 9368935
523 9414364
504 9591188
505 9606279
500 9775260
486 9883905
560 9875052
506 10061757
573 10118797
526 10296619
498 10424341
700 10591210
533 10482798
243 10470874
1 10454472
0 10480086
2 10573336
25 10309666
59 10243162
130 10305428
45 10401242
21 10226187
5 10102831
11 10207596
44 10191755
16 10094269
23 9992550
102 10113271
93 9871193
10 9793399
54 9842940
15 9735210
5 9654619
8 9607361
8 9657005
462 9400433
531 9323272
695 9333850
711 9294455
613 9245526
462 9070958
602 9188019
516 8752034
562 8854447
503 8957990
523 9603004
492 9075222
501 8921483
495 8912256
504 8919317
545 8939871
486 8958121
515 9173753
504 9241468
491 9194029
520 9202196
475 9408008
0 9475337
65 9536355
36 9424068
140 9722015
74 9850786
59 9772337
535 10285562
136 10000229
0 10395360
0 10354169
0 10083164
419 10178099
43 10031628
32 10138048
19 10124380
89 9849427
22 10029450
4 9829228
416 9815549
542 10049135
548 9622981
514 9695970
509 9605439
475 9798693
454 9436488
675 9576603
505 9304528
571 9377034
712 9351058
635 9004125
519 9027822
487 9159366
553 9161339
533 9525140
487 9281077
503 9577942
654 9430212
700 9417702
675 9413782
502 9370671
592 9664726
588 9750129
584 9694436
486 9931229
534 9900073
484 10081363
588 10405493
515 10423953
480 10506121
255 10536112
68 10564044
0 10703853
0 10353745
0 10448248
0 10226770
0 10528316
0 10298687
2 10243500
306 10085214
528 10283150
498 10147028
495 10082273
451 10152296
481 10121324
493 10243297
481 10205656
561 10018141
504 10055509
486 10040012
497 9914991
488 9901002
489 9893253
498 9733811
530 9834181
490 9473027
587 9689418
495 9299587
507 9276302
476 9191109
700 9241010
680 9347238
659 9305613
422 9299176
102 9518909
8 9586823
164 9874789
35 9932853
302 10201324
617 10413515
121 10052394
1 10109571
0 10281525
107 10182258
260 10286579
38 10158863
22 10157037
121 10122309
11 9996739
20 10119777
458 9994488
638 9942778
577 9874239
514 9935817
640 9883572
678 9995901
703 9645929
592 9924889
743 9776697
745 9601248
789 9642458
813 9548657
593 9484248
483 9087612
525 9509578
499 9253614
510 9711571
500 9316970
549 9720568
526 9273285
500 9422015
498 9355301
497 9634638
488 9645535
491 9709247
483 9745584
333 9725376
551 9981467
506 10193207
491 10289646
506 10219465
491 10290603
505 10479094
501 10293888
545 10298501
601 10549502
485 10413942
551 10535165
487 10458971
496 10601235
486 10462866
703 10723228
684 10674406
737 10562955
525 10350988
496 10724779
409 10434575
2 10453931
560 10494553
689 10466695
718 10344854
401 10385957
360 10319915
601 10438464
611 10220295
532 10402509
503 10232982
494 10348439
864 10423930
726 10354794
516 10344613
489 10336889
139 10432675
176 10244722
47 10187636
0 10178994
0 10135317
0 9978296
0 10131594
531 9776599
460 10007309
480 9811841
486 9833170
529 9616558
495 9794379
507 9373728
496 9774687
504 9856953
518 9725414
278 9584705
0 9698554
30 9677263
98 9852553
151 9834666
44 9632653
143 9575650
590 9826829
56 9148657
0 9404781
0 9374453
44 9188130
316 9158234
38 9031803
36 9192465
182 9185195
187 9352469
42 9331305
118 9508854
544 9649226
557 9922673
488 9767035
532 9564757
529 9913359
491 9370049
504 9659793
516 9606550
543 9314004
531 9230889
552 9402644
532 9044872
511 9222453
560 9377538
584 9315322
682 9486771
728 9532487
551 9750988
496 9346815
614 9550356
574 9407017
533 9713332
500 9777326
509 9808232
484 9908505
517 9987843
511 10009535
489 10281476
518 10390811
501 10443217
518 10438432
488 10741423
492 10538909
497 10530297
526 10726994
511 10580363
543 10590022
499 10617779
526 10774539
495 10456500
512 10683595
493 10785122
531 10466849
585 10845501
493 10720001
558 10378753
506 10711278
505 10611585
459 10352648
675 10748404
726 10683745
646 10326358
394 10635769
0 10624028
89 10186159
18 10649252
67 10413285
68 10255008
197 10280021
681 10791365
154 9835850
5 10371779
0 10282119
2 10105224
353 10394183
31 10068639
24 10080088
51 10160879
61 10021814
8 10046783
133 9856762
632 9789023
557 9961917
607 9909829
519 9679718
499 10112529
514 9482980
479 9656369
593 9929829
484 9365630
505 9311806
520 10053654
499 9326655
489 9119542
510 9725687
587 9358110
416 9473983
42 9752399
1 9623965
5 9330088
30 9268280
0 9148266
0 9368442
51 9369739
108 9447988
137 9349794
27 9532658
27 9571721
27 9757661
0 9820988
61 9913369
55 9954937
36 9879058
274 9735414
28 9852944
5 9768640
18 9623544
17 9574546
35 9588644
37 9308538
213 9294581
7 9237039
17 9115934
16 9017746
35 8822402
186 8835203
498 8541066
508 8649743
527 8837600
537 8521344
481 8710063
482 8621048
513 8761266
499 8876500
519 8920538
505 8942015
512 8826897
542 8900134
499 9029112
572 9058516
503 9072937
524 9175005
557 9144199
679 9286115
722 9335838
562 9189648
488 9340072
608 9623553
556 9611120
510 9742801
517 9618015
504 9867282
499 10071109
505 10165123
523 10436188
487 10485043
523 10569309
503 10733404
525 10549101
519 10569229
477 10785270
512 10570152
493 10692958
0 10668883
113 10475582
16 10512119
97 10501940
40 10426118
77 10269090
646 10651989
154 10083023
0 10345819
0 10329944
5 10282986
391 10460443
35 10053944
37 9917246
34 10134222
121 9977015
13 10019212
19 9784477
484 9752062
545 10083977
491 9771509
524 9539580
528 9929292
504 9521989
385 9398525
121 9709917
548 9227711
610 9204267
540 9722261
524 8909997
355 8893515
712 9590529
607 9287498
561 9339587
494 9394819
547 9554929
504 9468181
488 9243907
578 9177718
699 9735014
705 9471914
559 9460224
473 9504107
583 9832541
535 9840450
522 9912854
475 9896886
511 10465341
522 10351514
553 10246083
542 10352269
477 10255427
324 10255012
0 10331212
0 10167008
0 10199185
32 10231495
0 10290379
0 10175651
0 10289541
12 10264581
183 10234745
532 10302169
508 10124098
503 10221196
526 10157767
490 10185793
503 10344831
510 10119901
540 10054946
512 10108686
490 10119363
508 9897786
491 9899068
499 9856547
492 9856405
504 9772730
535 9697434
507 9617470
517 9451523
513 9357510
500 9287161
589 9229829
670 9410297
736 9441261
557 9402890
265 9459657
0 9733436
112 9819975
31 9914937
56 10378894
590 10333457
696 10672450
179 10135174
0 10423861
0 10336759
41 10360087
254 10239047
14 10300809
11 10287399
220 10196442
28 10032614
38 10082318
325 10127185
611 9828337
542 10092110
405 9848101
706 9980553
686 10110942
665 9485032
524 9675651
713 9815335
817 9774083
737 9543822
805 9720879
692 9239411
513 9268355
536 9434647
488 9404295
516 9639135
525 9713163
522 9626093
552 9370052
508 9353052
514 9324288
523 9584506
491 9644372
524 9526447
513 9645305
522 10054543
511 9885753
513 10041707
502 10283092
537 10333659
480 10178505
587 10248919
347 10371804
560 10276705
569 10470999
575 10418842
431 10317968
102 10331364
0 10605098
538 10301438
380 10446630
289 10303843
348 10218409
268 10424476
573 10324778
510 10174038
294 10217714
468 10288142
677 10146910
256 10172862
413 10064363
427 10007202
527 10193948
540 9907938
491 10008490
510 9955198
602 10044580
661 9935777
725 9841674
614 9531878
542 9901434
572 9814834
513 9603311
602 9820378
504 9439728
498 9497115
520 9567705
536 9410639
491 9588414
520 9769850
505 9671139
482 9750092
506 9878452
493 9875157
525 9913008
280 10058569
247 10090016
88 10021982
208 10069602
45 10300591
59 10164900
132 10231984
547 10423713
518 10247669
255 10314864
47 10364564
54 10197454
38 10331805
28 10108951
582 10303014
44 9752999
0 10101274
0 9890687
93 9835250
304 9911637
33 9751146
28 9703420
51 9843713
72 9302394
8 9421604
86 9380798
644 9404056
553 9148020
498 9131115
529 9554769
510 8892715
503 9153140
503 9114895
510 9550628
526 8928911
505 9343239
557 9494610
516 9352578
534 8984840
558 9393669
679 9476855
695 9439220
585 9482854
506 9587959
696 9514714
347 9228021
9 9374929
0 9487243
0 9511702
29 9685643
0 9540791
0 9529867
50 9878896
333 9780477
89 9965797
30 10213189
28 10069795
26 10055512
12 10131584
29 9922471
44 9968454
15 9910116
341 9785744
49 9902057
8 9851862
19 9651059
79 9653409
601 9660297
529 9364680
548 9509439
502 9449034
489 9109308
525 9289023
490 9019860
510 8871375
501 9016464
548 8800643
490 8780430
508 8718527
527 8886655
498 9021704
508 9012990
535 9227118
550 9179092
543 9164531
485 9103566
526 9266230
525 9295937
538 9527072
497 9689280
611 9714654
541 9888199
526 9744751
556 9952929
533 10130990
510 10208228
626 10313137
659 10731427
737 10689534
518 10323722
279 10630412
32 10502788
15 10399777
5 10650039
71 10314039
646 10707773
120 10344273
0 10311431
256 10214049
25 10343711
49 10461179
60 10269681
142 10219639
37 10297513
137 10056669
489 10067860
562 10229526
429 10088625
532 10071712
565 10298940
519 10107808
509 9897993
515 9980163
497 9877619
530 9937213
535 9898049
524 9650980
514 9796146
473 9753675
503 9562830
498 9255484
505 9376974
522 9946690
563 9440990
491 9764845
488 9737368
510 9541666
487 9599093
516 9632050
539 9683489
528 9887761
515 9966247
580 10120661
530 10227433
507 10430988
511 10449359
661 10431199
699 10666955
711 10536959
496 10474348
593 10684265
584 10543797
536 10632022
491 10530431
550 10657372
525 10614712
510 10615402
587 10627080
517 10561389
537 10617006
534 10664007
527 10625097
495 10565512
523 10703571
527 10626428
512 10576941
123 10672732
42 10465494
109 10532889
5 10598248
31 10485323
636 10619039
100 10314048
2 10266084
1 10352458
1 10341778
404 10394877
27 10236775
28 10177370
13 9999516
103 10108115
13 10102829
22 9766594
504 9979516
541 10205172
510 9801649
485 9868822
515 9580283
497 9841981
522 9746141
613 9786053
499 9663519
581 9377518
715 9564618
663 9307689
575 9288333
501 9286637
587 9323415
505 9556391
494 9305390
593 9635062
683 9531316
707 9364741
571 9401010
505 9403950
619 9737549
581 9592697
517 9712958
502 9915110
507 9951952
501 10128770
502 10178874
497 10439314
323 10596162
0 10525864
0 10469201
0 10549006
0 10488765
0 10368859
0 10388977
0 10223808
80 10344543
475 10222327
488 10270855
511 10253150
496 10192726
511 10208791
498 10110005
513 10094167
500 10099274
542 10133093
523 10081674
505 10104460
503 9921733
472 9977748
536 9953654
528 9773183
535 9756863
516 9670924
571 9731532
527 9487774
512 9373344
434 9228234
685 9182083
680 9358300
636 9375079
615 9487650
706 9634021
730 9823008
746 10012141
819 10061033
816 10510369
693 10454521
711 10460822
575 10434995
62 10467282
116 10425690
0 10472902
5 10361239
136 10285389
635 10723062
38 9967687
0 10165021
0 10175696
61 10256917
306 10228725
28 10066682
30 10036549
29 10007157
77 9833544
9 9962472
75 9824551
550 9879786
592 10092559
520 9845098
531 9903087
492 9686222
519 9980348
493 9860097
490 9557193
540 9709226
537 9527540
559 9451623
459 9554505
509 9529614
488 9186776
495 9395569
466 9634757
645 9414185
513 9563672
512 9378043
534 9228393
498 9408492
511 9584416
498 9600528
515 9644244
525 9585460
530 9930946
617 10043639
521 9988521
556 10172645
513 10597586
506 10423972
550 10503995
598 10675683
673 10613001
750 10492498
656 10726124
613 10471287
321 10465335
2 10618862
1 10509102
21 10498649
35 10434955
0 10287586
32 10339478
17 10264514
115 10303960
45 10250809
21 10119941
15 10070510
8 10157914
17 10022685
43 9900801
128 9965530
202 9827269
65 9883709
26 9910388
2 9766302
20 9856821
22 9571940
78 9532596
252 9450585
50 9468380
26 9277372
17 9200106
12 8856234
84 8843846
537 9150334
575 8507576
627 8606306
557 8398925
515 8686215
516 8718063
501 8745962
495 8850672
525 8836090
500 8811126
452 8700860
456 8889839
520 9126795
512 9070825
513 9126511
481 9306354
515 9178384
542 9202303
208 9109112
2 9185061
135 9301518
22 9356687
0 9530144
30 9577049
380 9543540
405 9645617
2 9667793
0 9619436
0 9900769
247 10177955
164 10110254
14 9854503
21 9979635
220 9981470
39 9840762
41 9860529
180 9724036
572 10051709
545 9695625
511 9470854
515 9597746
528 9639509
527 9664356
504 9540648
519 9364542
551 9443852
511 9278486
603 9162131
490 9216621
515 9268140
524 9149398
653 9248915
699 9616444
700 9659003
522 9332940
587 9393080
588 9439367
509 9435166
512 9735000
489 9558912
493 9763517
513 9758234
550 10074298
502 10008662
556 10120673
535 10355267
482 10586767
514 10545313
501 10643011
509 10519277
666 10570292
347 10680684
21 10460785
266 10498130
222 10692995
59 10363071
70 10521298
0 10401480
0 10175186
0 10405282
0 10378100
0 10036588
3 10238995
0 10084825
47 9915760
0 9904321
36 9910023
560 9852319
524 9872151
526 9772049
544 9851479
488 9709165
510 9754752
525 9658302
499 9545464
229 9371876
541 9437076
621 9297839
495 9004527
571 9118459
472 8865365
497 8815347
496 8906059
702 8914583
714 8925190
615 8879075
364 8921923
23 9048344
90 9001927
35 9120668
60 9303981
338 9423895
328 9370010
0 9564964
0 9607537
11 9720510
303 10005209
34 10010487
27 9927218
22 9600832
100 9874220
5 9750900
100 9503839
510 9487677
671 9523863
560 9774287
568 9983937
508 9696264
534 9980362
492 9877810
516 9575175
500 9691131
502 9624993
539 9457442
524 9365667
532 9278093
517 9177548
478 9127465
534 9297642
526 9303243
534 9481364
524 9342387
512 9335710
509 9395843
507 9577425
529 9642041
507 9624303
542 9773413
503 9871194
602 10106267
671 10173313
453 10291376
2 10451189
0 10451893
1 10415649
5 10535748
24 10377283
0 10308787
39 10309192
38 10282820
79 10277205
25 10150030
12 10162945
5 10126304
5 10001210
23 9985988
58 9926386
44 9843381
151 9788061
47 9835693
28 9663006
6 9736117
13 9539677
25 9479837
34 9362613
153 9268232
505 9253154
532 9138128
511 9113060
670 8917564
702 9376158
686 10136971
465 9704370
588 8737623
596 8906487
572 8860824
514 8895965
539 9094665
508 9008108
506 9008914
530 8854307
507 9081745
514 9096495
525 9141195
573 9280254
580 9336475
532 9411989
493 9536941
526 9532690
114 9562331
35 9664127
58 9966852
41 9964162
764 10229007
590 10441318
34 10113177
0 10463806
0 10414007
261 10552258
183 10256847
26 10193984
62 10366073
465 10236363
236 10061445
16 10127991
71 10178610
157 10160240
494 9967883
577 10062005
498 9935310
549 9767243
513 9799532
502 9798227
601 9672586
534 9704745
547 9726892
618 9587871
729 9630409
567 9411886
553 9327584
550 9634250
558 9619928
506 9808263
499 9441012
724 9529795
687 9510685
649 9496857
501 9676468
568 9728692
380 9794015
557 9991319
548 10043974
543 9945624
523 9988843
493 10285235
525 10347422
471 10289707
370 10681050
3 10559613
0 10438546
0 10613240
48 10303278
0 10291286
0 10564209
0 10115425
0 10434047
144 10078953
519 10146891
476 10154901
508 10073180
510 10123806
507 10157189
511 10057840
508 10024516
511 10133755
544 9917210
513 9953994
519 9740042
493 9722403
520 9919990
502 9801788
510 9685910
546 9558692
490 9632517
563 9456156
528 9359256
490 9242256
416 9085142
696 9273187
622 9340493
623 9449556
746 9585596
609 9570473
756 9929879
693 9916768
778 10326875
798 10459823
683 10454205
739 10441268
598 10550098
181 10286583
34 10460459
91 10521355
32 10489804
157 10359320
545 10638360
31 10068198
0 10348779
0 10157992
149 10275712
238 10178039
26 10049874
9 10197522
107 10034222
10 9808602
6 9813404
385 9846041
583 9982433
605 9812084
585 9818140
510 9820376
519 9821056
505 9760820
533 9771568
524 9760494
551 9840476
576 9681243
509 9430753
502 9554612
535 9139292
503 9331452
514 9489368
539 9228534
551 9791042
527 9398790
534 9294889
536 9474932
520 9432833
509 9613360
511 9761032
3 9592619
184 9801323
55 9880334
496 10104508
292 10045204
236 10201721
17 10395395
67 10415345
27 10256760
40 10320049
278 10195833
95 10273682
1 10215040
2 10094554
184 10186092
89 9962694
30 10066419
32 10010208
150 9968491
41 9765456
21 9646779
144 9745889
12 9611514
6 9461298
34 9468206
144 9454821
0 9139332
86 9306008
23 8815546
54 8832318
0 9103596
375 9027327
273 9111622
57 8778358
227 8431171
28 8554026
32 8559507
248 8807172
52 8455863
121 8615866
83 8467243
15 8572484
59 8777126
55 8301804
36 8858649
102 8454986
538 8762150
614 8942883
537 8625945
527 8682773
536 8743909
546 8749868
580 8800108
496 8848209
714 8992451
706 8915552
663 8912586
576 8848760
895 8899021
496 9099498
578 9163492
401 9148651
440 9219110
171 9174120
342 8982427
835 9129235
524 9350853
627 9297651
590 9388926
569 9435359
547 9579571
2 9707118
0 9684141
272 9644759
530 9923157
553 10078615
508 10230022
520 10225955
529 10252775
527 10110679
514 10045382
496 10028712
538 10090718
513 10148656
531 9835177
515 9826553
595 9625897
524 9972448
244 9657600
16 9679470
62 9706447
31 9590565
83 9711529
510 9973142
241 9748576
0 9882658
1 9906493
0 9946695
353 9871951
31 9590942
27 9526854
94 9628197
21 9822885
6 9974164
109 9881741
570 10079039
565 9932864
490 9713432
479 9737268
514 9696375
528 9776649
503 9666693
521 9515529
519 9480039
534 9532247
568 9278425
517 9444708
526 9125548
512 9248465
644 9400907
710 9413130
713 9502771
500 9544243
582 9453138
560 9360578
627 9468815
512 9626880
528 9755689
512 9741410
520 9769357
553 9895487
531 9943714
547 10252153
513 10443153
539 10552918
508 10563285
553 10714453
493 10608396
557 10596869
394 10730706
84 10469415
53 10682896
65 10567649
18 10482770
33 10440704
121 10270711
21 10335095
231 10322531
712 10485750
550 10152135
516 10166988
536 10282979
532 10225374
618 10225725
495 10233633
60 10064144
0 10062445
0 10216480
5 10010105
24 10012951
0 9768390
38 9740991
39 9668999
215 9527782
42 9531796
19 9395553
3 9356457
16 9121073
28 9146608
45 9027935
8 8932817
218 9147894
74 9010316
3 9004753
34 9303165
19 9227644
26 9614396
9 9332660
12 9273648
459 9235425
522 9233397
504 9014232
583 9077257
530 9078276
564 8773664
502 8510079
496 8816748
523 8748722
651 8701827
707 8866487
710 8890230
498 8856599
4 8832112
4 8903233
113 8969637
59 8991977
16 9119566
0 9077128
440 9230186
261 9089506
0 9098326
0 9230597
0 9225077
337 9404016
88 9502411
68 9502310
38 9562123
351 9665138
59 9931426
42 9881228
23 9855224
274 10054311
612 9813363
587 9628717
586 9685936
500 9686950
483 9453114
537 9567554
491 9442469
500 9459501
521 9180726
348 8948373
564 9066404
481 9114863
496 9323018
518 9138766
534 9307834
535 9593884
500 9386725
563 9402627
507 9343921
507 9472457
543 9678258
530 9563694
532 9701134
537 9925671
528 9845182
542 9951741
516 9875322
575 10357876
606 10455397
505 10310392
532 10644023
711 10675281
703 10502488
660 10554286
502 10473524
606 10634297
558 10480274
535 10511868
520 10554361
556 10575934
504 10617120
512 10601937
521 10656404
525 10706335
540 10541224
541 10647207
521 10759775
528 10655822
541 10637519
523 10599288
229 10644522
16 10658690
214 10546458
37 10585536
26 10558809
311 10489881
501 10646076
0 10159616
0 10454409
0 10447592
276 10336609
111 10193000
24 10202990
65 10200758
113 10083045
256 10018138
44 9889983
33 10125154
28 9986434
281 9837879
478 9702732
38 9663586
190 9705478
28 9552209
32 9386807
112 9435183
0 9160670
292 9326442
76 8753605
0 9123611
68 9256488
125 9521780
21 8842488
25 9346915
109 9118912
13 9074522
11 8594626
126 8773096
8 8708768
0 8665604
169 8957862
27 8497404
71 8912484
48 8764285
1 8639059
333 8903975
33 8498905
29 8652855
0 8706687
45 8393877
198 8662092
24 8376051
77 8633035
69 8369137
64 8379201
20 8620128
20 8459089
116 8579947
303 8601186
545 8805746
528 8613514
519 8529915
528 8690930
513 8717944
520 8723952
629 8816887
469 8804973
534 8803862
705 9025282
633 8889275
524 8939568
587 9022773
490 9038908
489 9085696
561 9119566
644 9245610
698 9264387
721 9297783
500 9292399
571 9563095
554 9532301
546 9736221
484 9826316
527 9652704
529 10021459
503 9999756
534 10202217
527 10363691
7 10539392
0 10578079
0 10363360
0 10553458
0 10289380
0 10333570
0 10381332
4 10164780
332 10331174
548 10410425
520 10207634
525 10231337
489 10274488
528 10127587
526 10210401
488 10134966
542 10256194
483 10271593
536 10074608
530 9999258
514 9929749
522 9844826
520 9865058
542 9819667
508 9775328
589 9574799
526 9566075
532 9569501
464 9271914
639 9187224
674 9331707
608 9252209
702 9634756
591 9541668
846 9824153
663 9878773
783 10097010
781 10440024
677 10548589
749 10391887
561 10409911
217 10544986
52 10396711
171 10393975
9 10438353
6 10348331
591 10690997
80 9928387
0 10197223
0 10206368
60 10192426
303 10223156
6 10035468
29 10251334
69 10124456
36 9774201
3 9827101
142 9816792
623 10062389
625 9781330
524 9751808
539 10050110
493 9533958
538 9833841
497 9860105
523 9860406
510 9574913
545 9838273
556 9302527
528 9635482
535 9412720
515 9645502
480 8849500
537 9547737
540 9493728
535 9635623
502 9338150
551 9343941
324 9243167
202 9764575
557 9544146
513 9408826
534 9713664
512 9773259
590 9942378
526 9962988
574 10261815
527 10606861
499 10332444
616 10600870
472 10339122
710 10706687
704 10583177
671 10425441
510 10381741
640 10520232
510 10391153
646 10549522
504 10419896
550 10514575
523 10493819
538 10391845
507 10457309
540 10370996
535 10376948
503 10540825
559 10306256
509 10211880
526 10587746
536 10598132
154 10469983
27 10720814
149 10486733
29 10672159
55 10413761
534 10616512
139 10211887
0 10420748
0 10476581
0 10196052
402 10414719
54 10232950
58 10156596
39 10366567
326 9829417
297 10131246
70 9909601
26 10152801
198 9896693
540 9909655
308 9704824
669 9818916
674 9834180
546 9577263
71 9521790
0 9298262
0 9655670
22 9034825
36 9134433
81 9100323
19 9231168
14 9011298
8 9136194
5 9329739
15 8828691
32 9579996
122 8749791
173 9110088
48 9086231
79 9056331
14 8953156
0 9058027
36 9108893
174 9012086
66 9128457
3 8970051
13 9091891
145 9304399
532 9145583
538 9099712
512 9080768
510 9030128
541 8856898
492 8695614
515 8607718
576 8770811
492 8943595
577 8905108
527 8754538
492 8883919
635 8948370
687 9015738
722 9111871
536 9041911
574 9232175
615 9484072
581 9213368
501 9322007
500 9484045
565 9439854
535 9528133
530 9633522
530 9806292
546 9849372
503 9915581
514 10092745
520 10527973
503 10607131
533 10552868
529 10506040
519 10850388
582 10601954
492 10488040
532 10769950
505 10491518
529 10550860
531 10795123
521 10423080
615 10613306
530 10721803
566 10636714
522 10533552
518 10717451
523 10627325
671 10575666
699 10704602
716 10694073
436 10380433
23 10698693
124 10595307
20 10440556
9 10574869
295 10410097
483 10673759
11 10297942
0 10349974
0 10400441
212 10269000
167 10357926
20 10285944
23 10282003
93 10490388
10 9866363
14 10093162
468 10116915
605 10146609
571 9826953
577 9935430
504 9965499
533 9955755
526 9822372
522 9815537
535 9792842
548 9733805
524 9488933
495 9452952
530 9362636
611 9217083
498 9412048
523 9065404
535 9622778
530 9412537
506 9378637
535 9257023
506 9344883
501 9522616
474 9544394
522 9614689
549 9665938
506 9806772
561 9942055
514 9846889
494 10236104
530 10385156
658 10599092
711 10534467
690 10610164
494 10391767
622 10518911
570 10627581
556 10401120
542 10523884
515 10737877
504 10441575
525 10458568
518 10711290
546 10381800
563 10581349
489 10692277
550 10383707
514 10516529
510 10613937
542 10513473
237 10488075
0 10664304
150 10517793
42 10333555
53 10526748
438 10470216
296 10332920
0 10235649
0 10344607
0 10318109
384 10293661
49 10211220
49 10252316
33 10136075
262 10128317
49 9924279
26 10025915
24 9956992
386 9915210
568 9845075
518 9694662
515 9825033
548 9815839
523 9594151
493 9690729
529 9559473
538 9537146
649 9515913
699 9485015
513 9011658
640 9210102
515 9293226
571 9166031
519 9497070
506 9574774
538 9456073
707 9329362
706 9318311
636 9672359
515 9589253
591 9638379
523 9632989
622 10010567
497 9894904
536 9970528
494 10109986
509 10281397
507 10586803
390 10621160
0 10609113
0 10753658
0 10271295
0 10552234
0 10548955
0 10237858
0 10356019
25 10343984
490 10246353
493 10146851
515 10200779
513 10114953
497 10206706
538 10129759
520 10244394
491 10163358
534 10165266
501 10047721
489 10002755
518 9990612
481 9964702
523 9794075
515 9753101
327 9702955
561 9736194
494 9488852
576 9589733
494 9322574
526 9278492
570 9133079
677 9292739
733 9514758
591 9302296
190 9503137
17 9819528
175 9829899
104 10135446
21 10172876
599 10655515
229 10003362
0 10124864
0 10369004
0 10127915
331 10126329
55 10055017
39 10214697
94 10327705
171 9746279
31 9767163
133 10006074
531 9967055
643 9935898
425 9564803
740 9909293
665 9923984
586 9808006
724 9764844
698 9764673
699 9774582
663 9679815
794 9482616
700 9367914
543 9176279
563 9548980
628 9354752
511 9344532
504 9428219
546 9569485
536 9559352
562 9258750
687 9500075
348 9500714
4 9744193
0 9420628
0 9659257
7 9923961
21 9787703
0 9713589
37 10033718
100 10037559
60 9824644
24 9915575
9 10081728
20 9901240
7 9852661
18 9941950
33 9869472
7 9901299
247 9739884
52 9810073
22 9735957
4 9628697
12 9583101
14 9353713
117 9368569
523 9355778
508 9179934
502 9238219
503 9044767
520 8959579
538 8748355
546 8771706
494 8546379
527 8687667
502 8698912
503 8870553
514 8712363
510 8997012
564 8794200
553 8979398
559 8946339
513 9049189
512 8996253
479 9232418
597 9338801
663 9299528
704 9625503
684 9592802
511 9434642
601 9759936
569 9807093
546 9952487
503 10204665
516 10477438
520 10473277
503 10599903
513 10636131
526 10587313
561 10658775
547 10621976
504 10461789
504 10707243
506 10659252
515 10334188
486 10678523
100 10554647
111 10558444
57 10507646
101 10365134
84 10512302
540 10578592
293 10247623
0 10282300
0 10547815
0 10266882
378 10281368
41 10185992
51 10106157
12 10154001
186 10088031
103 9934167
22 10028470
20 9985399
238 9893982
617 9882707
534 9600265
497 9746226
525 9715095
514 9697401
501 9631320
505 9525132
515 9520711
530 9403710
517 9195007
570 9087686
504 9469662
547 9260491
496 9266890
656 9359676
711 9707134
700 9488707
492 9201782
575 9266262
574 9585635
575 9618875
486 9481753
517 9598719
522 9797088
491 9929623
517 9852258
497 9979536
556 10343920
488 10404654
484 10317803
496 10516466
498 10666851
487 10661409
520 10640797
533 10432395
554 10810059
481 10535045
518 10493838
480 10701672
470 10520808
512 10726759
520 10755893
584 10400439
531 10614612
567 10817003
513 10362328
499 10683095
561 10691321
580 10416862
675 10692944
667 10699453
589 10449373
259 10503543
0 10736137
133 10387225
69 10552911
51 10489098
542 10640779
100 10033879
0 10429767
0 10471794
3 10216310
339 10183840
34 10206178
48 10342954
35 10225531
203 9997236
26 9984706
9 10071861
150 10016645
529 9930025
619 9883941
554 9796209
517 9846566
493 9930766
503 9694047
480 9731395
511 9664374
541 9530064
578 9409081
553 9392383
500 9073970
508 9563514
506 9015204
496 9351923
537 9467563
509 9352407
542 9492711
523 9171005
515 9270875
486 9451746
509 9614180
508 9548450
507 9553650
553 9805741
499 9912490
568 9985472
512 10032463
484 10343488
510 10313358
676 10495165
711 10685927
679 10445165
484 10416302
581 10724880
332 10396529
545 10503512
597 10717623
487 10471612
519 10424665
490 10756197
520 10217572
501 10679472
519 10664585
541 10398609
483 10651030
496 10565354
518 10338094
504 10712692
490 10564233
502 10515558
213 10601519
16 10622497
84 10437343
87 10435068
115 10431136
651 10787536
111 9973780
0 10110878
0 10688307
3 10158429
368 10032026
48 10131020
30 10013694
52 10293633
231 9891448
15 9941003
153 9881673
551 10120612
579 9881747
499 9784307
510 9828079
506 9817540
498 9817800
527 9897573
599 9615426
533 9528933
568 9633499
716 9601757
611 9328376
510 9418366
576 9506912
505 9420956
491 9387995
497 9771563
643 9794212
681 9656046
749 9290118
507 9252989
588 9720654
647 9816170
579 9759081
207 9557479
2 10289149
1 10057597
0 10073396
29 10297079
0 10198585
0 10313323
59 10156772
180 10232055
73 10169383
8 10100811
16 10412000
10 10185643
35 9992079
34 10342721
40 9872727
81 9835815
190 9904756
44 9677062
31 9858811
6 9636596
21 9626012
0 9582777
15 9357957
10 9325735
436 9206391
556 9051386
538 8974461
561 8784791
526 8630935
485 8836649
509 8575852
511 8675445
7 8672342
0 8696550
0 8758146
0 8823148
0 8697569
0 8630991
0 8693013
0 8738840
355 8683624
532 8973084
494 8803279
523 8872302
514 9134400
511 9035578
496 9013179
522 9136606
535 9202475
515 9221849
508 9389075
516 9443970
552 9743632
521 9734351
512 9778233
521 9632799
565 9783996
491 9611702
568 9552471
520 9502343
511 9326352
507 9222712
557 9271244
653 9368580
609 9493167
722 9622176
628 9858708
699 9947018
680 10126168
835 10418247
727 10438342
699 10514649
709 10776911
661 10465860
292 10357206
1 10720413
163 10535837
19 10396216
67 10251445
134 10500500
193 10273651
510 10512989
32 9932277
0 10133788
0 10192063
107 10134376
300 9991629
34 9778023
25 10197519
101 10171126
17 9654920
7 9669425
256 9809575
586 9776952
648 9668683
553 9619433
549 9847968
534 9729571
529 9793095
513 9586260
509 9588122
478 9383339
537 9347253
574 9195712
489 9321337
536 9303031
482 9293520
491 9247811
499 9193441
513 9551364
547 9788297
486 9325050
427 9275888
157 9396137
527 9671807
651 9635739
512 9497034
520 9782598
508 9791243
500 9893626
581 10142201
521 10309250
505 10503851
0 10292270
16 10513577
368 10498316
431 10329103
349 10389209
149 10242454
76 10232394
93 10297980
83 10048374
11 10191426
411 10080858
112 10092405
3 9951628
11 9864139
124 9880661
116 9748778
34 9729978
48 9669982
57 9478663
216 9470482
40 9819520
32 9497284
21 9734151
203 9702899
33 9270083
46 9220784
88 9446175
52 9515087
142 8943426
102 8899119
127 9250667
27 9049328
87 9105583
44 8979521
119 8815493
421 8745473
353 8701239
24 8467470
181 8890324
148 8874843
12 8643382
237 8595341
16 8873722
37 8817677
28 8632980
65 8499968
105 8594990
124 8734665
90 8767926
96 8717164
51 8461497
71 8952761
122 8635113
610 9012010
568 8709279
493 8685203
551 8908670
510 8852379
495 8872868
491 8859205
656 9094870
690 9093773
718 9022692
537 9090853
495 9154425
615 9001888
567 9237355
514 8873636
516 9114814
510 9235667
490 9252869
521 9246848
480 9258921
501 9367264
524 9528447
523 9547811
536 9589232
523 9760182
494 9821334
511 10076721
369 10089275
34 10509273
118 10482168
60 10246426
96 10416591
596 10773408
53 10100502
0 10322614
0 10538869
3 10317519
420 10249687
39 10185010
34 10140665
20 10475145
94 9908913
10 9974667
91 10099939
589 9933143
539 9919755
510 9786154
502 9893291
532 9846068
524 9919119
465 9695149
519 10004751
529 9364463
504 9703285
574 9694289
490 9371886
519 9399677
493 9582817
616 9636426
666 9229106
744 9608111
539 9843799
532 9165069
593 9324485
568 9371262
481 9638342
524 9629115
479 9553840
488 9723599
505 9878963
477 9860250
438 10028784
478 10531950
490 10414972
509 10432046
500 10465120
518 10721340
586 10482263
529 10402020
269 10590466
26 10451413
1 10421057
53 10531373
40 10422415
312 10372479
607 10383556
513 10206332
495 10244710
488 10455571
509 10350167
507 10208396
514 10244929
512 10325631
536 10210981
622 10214622
489 10178456
542 10142413
505 10112508
486 10124319
473 10048472
717 10142234
700 9965816
639 10190103
317 10029495
0 10078209
143 9918397
118 9875904
55 9608785
426 9652347
374 9593379
3 9640181
0 9700588
0 9987228
238 10329851
141 10129273
43 10112915
28 10035123
296 10373817
31 10022684
56 10103806
271 9955574
628 9918630
584 9893984
595 9959434
489 9894309
521 9918151
496 9807641
493 9679633
521 9761710
503 9714129
525 9632483
556 9403364
510 9177391
517 9356512
504 9272082
516 9318871
492 9415441
512 9696664
530 9597942
503 9304932
523 9322719
504 9665730
505 9696504
500 9639098
486 9689284
560 10055382
506 9999930
573 10009345
526 10223218
498 10451985
700 10868603
533 10238625
243 10471773
1 10591743
0 10576530
2 10405462
25 10338115
59 10448682
130 10181154
45 10335277
21 10305876
5 10141157
11 10147004
44 10102484
16 10149331
23 9977860
102 9974541
93 9964700
10 9943142
54 9761919
15 9792162
5 9643775
8 9659076
8 9497685
462 9458673
531 9404923
695 9327352
710 9280026
613 9219034
462 9245327
602 8857881
516 8699732
562 8878331
503 8743846
523 8965270
492 8781515
500 9075683
495 8828316
503 8934775
545 8918459
485 9113654
515 9111426
504 9218139
491 9248000
520 9348915
475 9334516
0 9445894
65 9422555
36 9578070
140 9604123
74 9712845
59 9694770
535 10349970
136 10070370
0 10250108
0 10241914
0 10282703
419 10278129
43 9936831
32 10100429
19 10107766
89 9955838
22 9959574
4 9781308
416 9741585
542 10058180
548 9689174
514 9759748
509 9576280
475 9773695
454 9425117
675 9497873
505 9445364
571 9441888
712 9372243
635 9062494
519 9036436
487 9135049
552 9314931
533 9146925
487 9430188
503 9615116
653 9475912
700 9328018
675 9343641
502 9481813
592 9760336
588 9567657
584 9703018
486 9948122
534 9914399
484 10050413
588 10251418
515 10531532
480 10550697
255 10473728
68 10665481
0 10689032
0 10370896
0 10331540
0 10637299
0 10239712
0 10261410
2 10188092
306 10357804
529 10154593
498 10176431
495 10145384
451 10141002
481 10279183
493 10163172
481 9974075
560 10189108
504 10101233
486 10128980
497 9920852
488 9898076
489 9792192
498 9882385
530 9639608
490 9629619
587 9626187
495 9515759
507 9267055
476 9213479
700 9145344
680 9283664
659 9310019
422 9322801
102 9520780
8 9585987
164 9781750
35 9845869
302 10153869
617 10606269
121 9871790
1 10210231
0 10389729
107 10201709
260 10134029
38 10183070
22 10136129
121 10217490
11 10098045
20 9982589
458 9920827
638 9961114
577 9958892
514 10192569
638 9825815
678 9789461
701 9770202
593 9764189
742 9665302
748 9676670
789 9740249
815 9548213
591 9413098
483 9146201
525 9217572
499 9627788
510 9151943
500 9598727
548 9815579
526 9351911
500 9252149
498 9324547
497 9703121
488 9687503
491 9494823
483 9777299
333 9813567
551 9832127
506 10085906
491 10303119
506 10352944
491 10257157
505 10393468
501 10312920
545 10443545
601 10419207
485 10324339
550 10605104
487 10530023
496 10520279
486 10537343
703 10715272
684 10475395
737 10577894
525 10494483
497 10609367
409 10439098
2 10494366
560 10519614
689 10484474
717 10199644
401 10357099
359 10421431
601 10347407
610 10361073
532 10212564
503 10292041
494 10366590
864 10491057
726 10316933
516 10276127
489 10367130
139 10302760
175 10322184
47 10243279
0 10272995
0 10166908
0 9791161
0 9937295
532 9920555
460 10050186
480 9917261
487 9833646
529 9610270
495 9795186
507 9567739
496 9632012
504 9759373
518 9801189
278 9779324
0 9568354
30 9464341
98 9897174
151 9814616
44 9657923
144 9569898
590 10041311
56 9110630
0 9441715
0 9319667
44 9233974
316 9291386
38 9195042
36 9064124
182 9142717
187 9317094
42 9362545
118 9464694
544 9608569
557 9789174
488 9923493
532 9553541
529 9590248
491 9686892
504 9617974
516 9607647
543 9226800
531 9425982
552 9454897
532 9484118
511 9145029
560 9333644
584 9283574
680 9510377
728 9486210
551 9801660
496 9384667
614 9423642
573 9416720
532 9726530
500 9871630
509 9549263
484 9900588
517 10134212
511 10019450
489 10020425
518 10386356
501 10466073
518 10566092
488 10397109
492 10666496
497 10665534
526 10465147
511 10731940
542 10689943
499 10478678
526 10695520
495 10880341
512 10385006
493 10791575
531 10717642
585 10523586
493 10752820
558 10603394
506 10416582
505 10630820
459 10622125
675 10449246
726 10828345
646 10462545
396 10329521
0 10608359
89 10639973
18 10231763
67 10486360
68 10276649
196 10344969
681 10694074
154 9888205
5 10309501
0 10264468
2 10162629
353 10271635
31 10128515
24 10119249
51 10124086
61 10034509
8 10061150
133 9800905
632 9891705
557 9987936
607 9866126
519 9842658
499 9637395
514 9742661
479 9710217
594 9989760
484 9266855
505 9452912
520 9604840
499 9267113
489 9499621
510 9471538
587 9429893
416 9439652
42 9771310
1 9382525
5 9100153
30 9808362
0 9185634
0 9073042
51 9624197
108 9344399
137 9462589
27 9426424
27 9584649
27 9578882
0 9880932
61 9938913
55 9936371
36 9889183
274 9784596
28 9826858
5 9642929
18 9725488
17 9580353
35 9529760
37 9424281
213 9357059
7 9208163
17 9041709
16 9031907
35 8909387
186 8717609
498 8678496
508 8721415
527 8639508
537 8564185
481 8581515
482 8674665
513 8721408
499 8836466
519 8864786
505 8746725
512 8993394
542 8913758
499 8936964
572 9121800
503 9034810
524 9137076
557 9361341
679 9241424
722 9328326
562 9148939
488 9346773
608 9522440
556 9707824
510 9647234
517 9726402
504 9827510
499 9968372
505 10165970
523 10497379
487 10422378
523 10572758
503 10681565
525 10603857
519 10578859
477 10737946
512 10601357
493 10599707
0 10603577
113 10548428
16 10489662
97 10636629
40 10503163
77 10309490
646 10637455
154 10069236
0 10331186
0 10322074
5 10304968
391 10182782
35 10228210
37 10100110
34 10015954
121 10006076
13 10031937
19 9729025
484 9878657
545 9905181
491 9752207
524 9759545
528 9607414
504 9596018
385 9634239
121 9696728
548 9190725
610 9334819
540 9414515
524 9303530
355 9182756
712 9320619
607 9160438
561 9164088
495 9412117
547 9490900
504 9365970
488 9337244
578 9289713
698 9476029
704 9580137
559 9464455
473 9495678
583 9786693
534 9900774
522 9832968
475 9906002
511 10181495
522 10527260
553 10305268
542 10257516
477 10222443
324 10233822
0 10266244
0 10092347
0 10659507
32 10146164
0 10258921
0 10236830
0 10154011
12 10333450
183 10185617
532 10150397
509 10231294
503 10208401
526 10124293
490 10128179
503 10268818
510 10132355
540 10137402
512 10051487
490 10003328
508 9992230
491 9939878
499 9937287
492 9711096
504 9790125
535 9745505
507 9570125
517 9636218
513 9434958
500 9292497
589 9215953
669 9384350
736 9457338
557 9418475
265 9607390
0 9542082
112 9894712
31 9945926
56 10206255
590 10566342
696 10591033
179 10020767
0 10438572
0 10341511
41 10279397
254 10303600
14 10252259
11 10246693
220 10169433
28 10272907
38 9973336
325 10042618
612 9884567
542 10233816
406 9846215
706 9888724
686 9767470
664 9850418
524 9870617
713 9891766
817 9509955
737 9515506
803 9746463
693 9323358
513 9398367
535 9540625
488 9266544
515 9763947
525 9675518
523 9434505
552 9462005
508 9419309
513 9249970
523 9388355
491 9727946
524 9616948
513 9644325
523 9883681
511 9926572
513 10104318
502 10046903
537 10395012
480 10285304
587 10102713
347 10425349
560 10448278
569 10298907
575 10374611
431 10483366
102 10408991
0 10362265
538 10580061
380 10282673
291 10324647
348 10346635
267 10381951
573 10213038
510 10462989
295 10192962
467 10124433
677 10177324
255 10229547
413 9998056
425 10204127
526 10001950
537 9977425
490 9974760
510 9951698
603 9935821
659 10135548
724 9756277
613 9726686
542 9785846
572 9652270
514 9652444
602 9854295
505 9528627
497 9590627
520 9466265
536 9477703
491 9624246
520 9622443
505 9754973
482 9702460
505 9753306
493 9939740
525 10060188
280 9887448
247 10000952
88 10281156
208 9987238
45 10216387
59 10268193
133 10122130
547 10424927
518 10270361
255 10313949
47 10402911
54 10265532
38 10210070
28 10078781
582 10411573
44 9816609
0 10085600
0 9874848
93 9852465
304 9837614
33 9972619
28 9636223
51 9480448
72 9583967
8 9451854
86 9479126
643 9234137
553 9311405
497 9213185
529 9618254
510 10255729
503 9525518
503 9153820
510 9254769
526 9056763
505 9209281
557 9501170
516 9600706
534 9313668
558 10056776
680 9169876
695 9581567
585 9240029
506 9426091
696 9433710
347 9511448
9 9218860
0 9467630
0 9558131
29 9655529
0 9644687
0 9667293
50 9738917
333 9768780
89 9934840
30 9990538
28 10125335
26 10090408
12 10058161
29 10051424
44 10032129
15 9892775
341 9899630
49 9867293
8 9625402
19 9766377
79 9621996
601 9667509
529 9493017
548 9498209
502 9239493
489 9344193
525 9136837
490 9053894
510 9060501
501 8957933
548 8708125
490 8753541
508 8836421
527 8893761
498 8880427
508 9026980
535 9158371
550 9109643
543 9254599
485 9086371
526 9270326
525 9278737
538 9603064
497 9617218
611 9717991
541 9874781
526 9877263
556 10013972
533 9927529
510 10169279
626 10478237
659 10550965
737 10683884
518 10355293
279 10593891
32 10458285
15 10552061
5 10525599
71 10371673
646 10914003
120 9979917
0 10357449
256 10333536
25 10417007
49 10332688
60 10382003
142 10248032
37 10139595
137 10299243
489 10094727
562 10264464
429 10085860
532 10361553
565 9868870
519 10067583
509 10008222
515 9965954
497 9956436
530 9958667
535 9850167
524 9660253
514 9712898
473 9595057
503 9726516
498 10003043
505 9184213
522 9889271
563 9680347
491 10206604
488 9603220
510 9552524
487 9691911
516 9644754
539 9647274
528 10022122
515 9941808
580 10106371
530 10096003
507 10324713
511 10482062
661 10516524
699 10598407
711 10706928
496 10402925
593 10627665
584 10594480
536 10581637
491 10525398
550 10693653
525 10615096
510 10455295
587 10682403
517 10608281
537 10517620
534 10697103
528 10805030
495 10390559
523 10765956
527 10696584
512 10506596
123 10703898
42 10549346
109 10461342
5 10652149
31 10411336
636 10708915
100 10288096
2 10330004
1 10120485
1 10444106
404 10442178
27 10191405
28 10315403
13 9971805
103 10112083
13 10098659
22 9991093
504 9875319
541 10224951
510 9677326
485 9816401
515 9745732
497 9768957
522 9699406
613 9953462
499 9356430
581 9519131
715 9733835
663 9381895
575 9306181
501 9465451
586 9122281
505 9278163
494 9600257
593 9416497
682 9613138
708 9473918
571 9287999
505 9472379
619 9872388
581 9654566
518 9768536
502 9755810
507 10011748
501 9977180
502 10129771
497 10562407
323 10568854
0 10495842
0 10600492
0 10347187
0 10425894
0 10368549
0 10478903
0 10263537
81 10316573
475 10264632
488 10345629
511 10213976
496 10230786
511 10106988
498 10285195
513 10121896
500 10218522
542 10150832
523 9996841
505 10126936
503 9916673
472 9976109
536 9821823
528 9769932
535 9745737
516 9605175
571 9732262
527 9461805
512 9432755
434 9316691
685 9293235
680 9421749
636 9287175
615 9600026
706 9610456
730 9767688
746 9893776
819 10091238
816 10401423
693 10509049
711 10407995
575 10450118
62 10267771
116 10452942
0 10492402
5 10363242
136 10348469
635 10723816
38 9991187
0 10082714
0 10291455
61 10338102
307 10244707
28 10052979
30 10111016
29 9891396
77 10066510
9 9910822
75 9827604
551 9880144
592 10086832
520 9655507
531 9873669
492 9712117
519 9758248
493 9798640
490 9885948
540 9527677
537 9697234
559 9615218
459 9251320
509 9532433
488 9728222
495 9075278
466 9284532
645 9712427
513 9240386
512 9540017
534 9353499
498 9540118
511 9294773
498 9767839
515 9526861
525 9691144
530 9791225
617 10040288
521 9945734
556 10261132
513 10484406
506 10352615
550 10690646
598 10515821
673 10527282
750 10675288
656 10662205
613 10421638
321 10506268
2 10702458
1 10433951
21 10508407
35 10416294
0 10299061
32 10426139
17 10340991
115 10111516
45 10263592
21 10309376
15 10107992
8 10099185
17 9968084
43 9967505
128 10032703
202 9972640
65 9908252
26 9783451
2 9748015
20 9739713
22 9700663
78 9648465
252 9416727
50 9366476
26 9385575
17 9057965
12 9020979
84 8820566
537 8810881
575 8774255
627 8636443
557 8582731
515 8607534
516 8756874
501 8728675
495 8799346
525 8928783
500 8755780
452 8880716
456 8716308
520 9135921
512 9058829
513 9107143
481 9174100
515 9372540
542 9134397
208 9127114
2 9172241
135 9291481
22 9388734
0 9533725
30 9483890
380 9642961
405 9605828
2 9418664
0 9786326
0 9830836
247 10049450
164 10168268
14 9983914
21 10072860
220 9807204
39 10019928
41 9827550
180 9823542
572 9803220
545 9909809
511 9525201
515 9663484
528 9423444
527 9566033
504 9588377
519 9417506
551 9383768
511 9396491
603 9475867
490 8979249
515 9206974
524 9236995
652 9317344
700 9422723
700 9671490
522 9416401
587 9612527
588 9269558
510 9363138
512 9691711
489 9793900
493 9559176
513 9869271
550 10140436
502 9880635
556 10132273
536 10360575
482 10563884
514 10492650
501 10629647
509 10467980
667 10529761
347 10608050
21 10519185
266 10578762
222 10713382
59 10327336
70 10397539
0 10588333
0 10269776
0 10249396
0 10433208
0 10246550
3 10063087
0 10156545
47 10021563
0 9918798
36 10036753
558 9950653
524 9843733
526 9896833
544 9719520
488 9793707
510 9694429
525 9589580
499 9613212
229 9442662
