	
0	1795078
0	1920303
0	1756717
0	1848490
0	1814091
0	1827000
0	1861030
0	1981204
0	2007308
0	1993390
0	1960040
0	1913180
0	2133494
0	2219557
0	2571149
0	2680653
0	2924402
0	3103892
0	3406788
0	3755605
0	4128886
0	4358061
0	4716424
0	5180386
0	5663990
0	6155177
0	6750765
0	7381265
0	7939896
0	8887641
0	9660287
0	9579720
0	9713418
0	9560732
0	9638856
0	9577194
0	9517888
0	9526347
0	9495998
0	9109375
0	9125604
0	8985679
0	9217510
0	9238233
0	9156251
0	9339210
0	9209706
0	9192011
0	9250767
0	9427963
0	9550490
0	9463664
0	9591026
0	9813057
0	10131985
0	10009287
0	9990012
0	10273367
0	10018802
0	10156568
0	10255665
0	10075626
0	10166824
0	9949454
0	10068684
0	10022631
0	9758970
0	9949198
0	9934373
0	9833570
0	9746099
0	9732315
0	9753870
0	9579877
0	9774138
0	9498849
0	9431136
0	9453002
0	9519966
0	9223615
0	9154169
0	9124584
0	9212919
0	9043701
0	8977993
0	8854088
0	8590083
0	8671783
0	8770858
0	8739891
0	8765145
0	8755960
0	8914864
0	8817835
0	9020149
0	8885357
0	9003551
0	8922939
0	9139376
0	9166391
0	9252855
0	9303738
0	9388213
0	9348665
0	9390577
0	9558413
0	9558454
0	9948359
0	9844339
0	9837757
0	10178086
0	9968978
0	10027252
0	10036147
0	9880752
0	9973478
0	9991680
0	9913570
0	9920943
0	9630167
0	9705807
0	9984397
0	9814219
0	9564838
0	9779800
0	9428719
0	9762576
0	9643433
0	9366465
0	9433200
0	9591205
0	9392725
0	9125050
0	9246009
0	9174366
0	9374018
0	9580266
0	9199751
0	9560690
0	9025874
0	9406252
0	9306004
0	9555993
0	9397976
0	9592140
0	9718700
0	9891831
0	9734539
0	9674896
0	10177184
0	9995148
0	10240437
0	10124988
0	10440210
0	10106538
0	10061933
0	10106600
0	10075491
0	10038560
0	10121456
0	9851688
0	9954609
0	9840618
0	9894339
0	9950715
0	9835189
0	9839771
0	9815675
0	9910850
0	9659112
0	9880361
0	9665071
0	9708264
0	9547882
0	9604558
0	9564220
0	9519838
0	9278479
0	9381323
0	9306989
0	9102706
0	9002673
0	9081215
0	9163596
0	9111672
0	9370163
0	9353781
0	9586715
0	9559816
0	9927693
0	10009184
0	10241845
0	10270952
0	10113410
0	10235605
0	10133285
0	10273333
0	9984715
0	10153508
0	10255085
0	9950593
0	10146395
0	9931083
0	10022827
0	9973430
0	9932131
0	9838413
0	9912071
0	9928207
0	9880665
0	9666063
0	9682879
0	9948689
0	9835532
0	9673869
0	9661894
0	9526781
0	9895826
0	9387172
0	9470301
0	9507637
0	9445759
0	9289517
0	9152400
0	9112483
0	9138070
0	9220904
0	9166790
0	9297402
0	9411556
0	9113482
0	9216849
0	9325468
0	9531393
0	9359479
0	9457600
0	9581149
0	9693543
0	9874173
0	9854341
0	9934651
0	10071946
0	10169036
0	9891825
0	10046598
0	9854734
0	10042679
0	9932063
0	9930204
0	9820323
0	9701582
0	9778097
0	9622275
0	9667237
0	9508998
0	9606972
0	9401012
0	9325817
0	9441299
0	9222275
0	9128652
0	8969291
0	9057543
0	8800697
0	8771736
0	8754892
0	8824304
0	8727013
0	8953309
0	8774170
0	8401700
0	8714004
0	8375794
0	8713562
0	8803836
0	8456919
0	8525212
0	8640936
0	8551719
0	8763412
0	8683702
0	8899902
0	8573694
0	8658106
0	8810107
0	8741288
0	8926452
0	8828548
0	8855510
0	8935437
0	9094987
0	8990052
0	8968605
0	9049970
0	9154802
0	9093951
0	9181723
0	9223388
0	9000175
0	9218965
0	9234028
0	9252898
0	9298338
0	9374011
0	9510590
0	9485665
0	9642626
0	9584700
0	9774741
0	9915870
0	9868316
0	9953357
0	9985452
0	9864022
0	10022453
0	9794767
0	9792164
0	9962622
0	9854589
0	9734939
0	9632940
0	9670690
0	9693584
0	9589603
0	9566393
0	9599741
0	9514946
0	9756540
0	9606122
0	9681750
0	9719366
0	9646245
0	9626593
0	9513010
0	9420907
0	9495221
0	9350987
0	9648954
0	9802585
0	9555561
0	9571255
0	9728954
0	9582576
0	9507332
0	9493132
0	9467914
0	9470954
0	9322538
0	9336969
0	9176142
0	9227665
0	9189910
0	8982713
0	9133867
0	9128737
0	9245102
0	9187050
0	9348908
0	9274030
0	9200526
0	9216180
0	9454359
0	9434775
0	9486156
0	9613223
0	9702286
0	9816969
0	9880324
0	10287377
0	10092946
0	10284158
0	10384398
0	10229386
0	10272605
0	10240909
0	10174287
0	10321194
0	10155447
0	10129222
0	10115955
0	10032242
0	10054060
0	10104182
0	10077670
0	9927497
0	9937423
0	10084840
0	10129089
0	10016129
0	9865180
0	9931555
0	9834706
0	9879677
0	9757529
0	9752532
0	9619045
0	9718684
0	9268684
0	9575263
0	9306356
0	9443209
0	9220933
0	9218136
0	8994093
0	9014575
0	9027068
0	9158380
0	8752789
0	9261406
0	9141655
0	9157122
0	9222456
0	9358132
0	9161680
0	9166520
0	8994215
0	9190713
0	8814246
0	8972640
0	8543106
0	8653678
0	8710066
0	8626463
0	8807851
0	8861036
0	8720338
0	8780594
0	8928923
0	8662187
0	8952608
0	8839234
0	9260845
0	8970380
0	9112244
0	9072265
0	9152878
0	9120508
0	9085844
0	9309490
0	9286677
0	9196382
0	9425155
0	9672702
0	9602970
0	9661751
0	9486966
0	9794176
0	9525550
0	9320750
0	9448674
0	9316428
0	9430448
0	9393843
0	9160732
0	9084702
0	9008361
0	8987604
0	8852117
0	8951327
0	8961617
0	9275499
0	9260851
0	9262475
0	9265558
0	8976967
0	9327512
0	9300297
0	9343183
0	9451521
0	9540749
0	9609206
0	9632862
0	9706687
0	9765657
0	10044263
0	10119045
0	10223723
0	10356648
0	10192819
0	10259528
0	10154975
0	10256227
0	10281187
0	10210098
0	10165873
0	10290696
0	10143981
0	10381982
0	10390742
0	10096201
0	10304394
0	10395584
0	10267080
0	10278976
0	10268379
0	10290188
0	10325622
0	10292206
0	10220074
0	10260345
0	10243205
0	10120567
0	10251224
0	10025082
0	9983464
0	10024003
0	9983460
0	10051361
0	9879949
0	9854861
0	9787531
0	9856817
0	9802461
0	9692703
0	9647037
0	9694997
0	9726808
0	9460941
0	9299610
0	9373024
0	9416471
0	9115847
0	9327024
0	8918744
0	9056741
0	8674294
0	8660141
0	8714399
0	8867535
0	8659643
0	9002605
0	8746967
0	8548076
0	8646086
0	8460922
0	8628283
0	8789670
0	8505226
0	8534155
0	8964165
0	8598593
0	8592202
0	8555193
0	8507075
0	8908681
0	8504163
0	8508069
0	8416747
0	8502486
0	8552534
0	8316397
0	8642031
0	8625772
0	8376785
0	8589523
0	8935340
0	8356441
0	8660049
0	8606825
0	8639401
0	8648775
0	8863966
0	8688140
0	8819247
0	8945871
0	8867962
0	8843788
0	8946445
0	8954244
0	9034468
0	9066782
0	9240219
0	9053715
0	9152511
0	9168707
0	9283910
0	9462621
0	9420883
0	9416968
0	9540471
0	9587610
0	9673222
0	9801845
0	9943511
0	10175191
0	10118544
0	10239499
0	10077704
0	10105675
0	9961697
0	9965342
0	10093064
0	9946950
0	10065309
0	9950643
0	9908025
0	9862649
0	10018007
0	9742712
0	9886716
0	9897843
0	9808689
0	9865278
0	9834023
0	9735995
0	9598377
0	9672047
0	9593135
0	9533973
0	9544127
0	9243749
0	9438634
0	9215911
0	9187341
0	9029562
0	8995397
0	9384187
0	9291964
0	9548048
0	9566744
0	9757516
0	9890507
0	10094953
0	10291536
0	10087875
0	10252796
0	10170496
0	10116872
0	10238935
0	10053852
0	10199775
0	9903419
0	10383225
0	9764588
0	9935109
0	10093859
0	10117939
0	9969409
0	9765353
0	9809956
0	9795749
0	9735003
0	9859062
0	9818532
0	9970861
0	9719085
0	9584741
0	9585781
0	9773222
0	9533445
0	9546834
0	9393402
0	9427301
0	9318314
0	9179427
0	9012351
0	9161166
0	9171444
0	9013598
0	9468920
0	9342883
0	9128957
0	9013577
0	9310265
0	9328647
0	9504183
0	9398325
0	9556780
0	9575251
0	9614423
0	9974394
0	10107385
0	10147056
0	10155445
0	10335983
0	10293720
0	10059485
0	10243499
0	10301612
0	10105190
0	10230489
0	10181201
0	10156264
0	10081626
0	10229189
0	10068538
0	10103063
0	10198682
0	10107878
0	10086772
0	10131564
0	9995538
0	10070027
0	10135747
0	10291160
0	10109285
0	10283078
0	10193433
0	10062257
0	10304758
0	9904610
0	10307976
0	9732444
0	9951572
0	10100387
0	9975888
0	9990872
0	9723577
0	9813318
0	9794419
0	9892292
0	9640816
0	9508684
0	9972597
0	9679896
0	9597413
0	9439180
0	9352749
0	9513800
0	9336589
0	9092940
0	9089826
0	9240527
0	8778964
0	9001819
0	8970922
0	8693977
0	8901519
0	9101769
0	8818215
0	8953924
0	8804421
0	8784625
0	9203899
0	9110664
0	8671092
0	8668568
0	9279601
0	9196410
0	9055465
0	8877321
0	9117095
0	9303330
0	9077487
0	9123152
0	9192548
0	8917976
0	8863871
0	8581384
0	8598713
0	8605915
0	8990411
0	8685558
0	8775291
0	8958656
0	8881278
0	8874933
0	9144370
0	9046719
0	9184528
0	9178152
0	9183295
0	9168010
0	9343436
0	9215281
0	9424681
0	9625990
0	9659590
0	9589106
0	9721462
0	10069799
0	10160718
0	10314588
0	10320042
0	10366974
0	10253722
0	10191964
0	10401881
0	10247752
0	10182559
0	10373228
0	10214713
0	10278865
0	10281016
0	10315188
0	10155135
0	10324009
0	10304185
0	10255810
0	10476328
0	10189239
0	10167846
0	10380285
0	10176875
0	10100359
0	10271151
0	10168649
0	10293878
0	10255613
0	9986316
0	9927269
0	9925375
0	10052509
0	9878330
0	10019657
0	9918507
0	9968575
0	9613956
0	9889249
0	9620122
0	9811184
0	9898037
0	9567571
0	9504067
0	9565106
0	9822167
0	9348772
0	9387648
0	9447328
0	9321853
0	9253901
0	9191236
0	9000919
0	9026094
0	9197236
0	9256249
0	9527894
0	9238444
0	9027785
0	9187387
0	9459992
0	9376238
0	9431466
0	9410194
0	9695094
0	9661999
0	9756383
0	10178461
0	10110826
0	10316554
0	10202343
0	10190584
0	10288155
0	10315129
0	10175116
0	10185990
0	10220323
0	10176133
0	10199891
0	10366588
0	10213600
0	10272505
0	10212150
0	10353294
0	10221052
0	10103596
0	10424379
0	10262035
0	10087706
0	10239745
0	10210358
0	10120912
0	10032663
0	10112519
0	10089114
0	10013129
0	9872924
0	9938804
0	9986309
0	9987288
0	9825237
0	9836248
0	9856978
0	9711701
0	9695166
0	9540315
0	9874032
0	9587563
0	9543346
0	9488084
0	9445463
0	9595815
0	9219892
0	9410019
0	9319030
0	9370032
0	9124407
0	8962263
0	8982056
0	9001962
0	9086123
0	9434896
0	9428417
0	9249072
0	8986845
0	9277043
0	9380682
0	9539203
0	9250106
0	9675713
0	9656448
0	9798622
0	9668148
0	9950923
0	9999026
0	10176932
0	10265440
0	10203374
0	10237089
0	10090198
0	10203567
0	10068365
0	9945738
0	10042073
0	10085735
0	10042443
0	9837170
0	9874428
0	9890471
0	9914656
0	9776603
0	9823499
0	9864397
0	9883807
0	9805437
0	9731301
0	9754211
0	9650089
0	9654854
0	9551312
0	9532646
0	9323047
0	9466259
0	9138039
0	9209558
0	9147957
0	8957118
0	9136221
0	9231200
0	9330436
0	9492515
0	9384342
0	9597631
0	9962524
0	10230005
0	9996914
0	10166439
0	9888039
0	9918521
0	9896189
0	9851504
0	9933878
0	9832272
0	9853625
0	9669974
0	9770622
0	9776705
0	9661351
0	9691044
0	9839797
0	9609023
0	9500551
0	9778819
0	9504331
0	9425608
0	9556739
0	9561446
0	9389476
0	9198024
0	9091167
0	9275699
0	9146283
0	9425149
0	9444806
0	9476920
0	9220511
0	9326540
0	9248071
0	9662601
0	9347466
0	9479507
0	9615884
0	9743373
0	9667112
0	9787958
0	10055910
0	10036282
0	9914549
0	9923694
0	9884016
0	9892831
0	9889207
0	9707357
0	9674084
0	9731536
0	9641173
0	9572816
0	9510093
0	9534504
0	9390844
0	9229367
0	9187752
0	9248233
0	9030668
0	9165537
0	8960076
0	8834003
0	8739044
0	8458332
0	8721943
0	8780064
0	8599264
0	8643496
0	8772538
0	8856927
0	8952545
0	8956639
0	8838696
0	8969848
0	8989691
0	9128649
0	9130475
0	9341710
0	9338488
0	9374334
0	9502037
0	9587950
0	9550539
0	9854016
0	9827719
0	10073954
0	10236120
0	10319926
0	10169236
0	10278423
0	10234056
0	10250547
0	10311418
0	10144633
0	10395177
0	10176105
0	10137054
0	10281843
0	10259970
0	10074090
0	10126919
0	10173889
0	10081648
0	10057608
0	10039609
0	9886291
0	10030723
0	9974201
0	9933997
0	9875116
0	9855032
0	9821755
0	9721331
0	9644883
0	9668767
0	9786516
0	9738421
0	9478782
0	9422919
0	9478471
0	9636204
0	9273795
0	9389686
0	9376440
0	9278033
0	9148581
0	8997416
0	9205085
0	9079769
0	9172912
0	9452588
0	9373613
0	9057355
0	8963002
0	9312634
0	9357414
0	9318947
0	9365522
0	9473509
0	9591798
0	9658867
0	9765631
0	9767366
0	9993335
0	10153615
0	10266760
0	10173940
0	10289755
0	10322527
0	10226149
0	10243448
0	10304792
0	10241491
0	10230499
0	10235700
0	10352112
0	10151273
0	10274246
0	10242433
0	10281515
0	10270530
0	10258838
0	10315130
0	10338968
0	10261859
0	10160269
0	10331450
0	10207322
0	10229480
0	10125152
0	10246531
0	10158984
0	10211286
0	10037926
0	10059927
0	9973294
0	10069900
0	10026674
0	10051466
0	9843552
0	9956117
0	9937539
0	9659517
0	9792657
0	9670677
0	9833572
0	9738113
0	9759638
0	9414763
0	9608680
0	9517444
0	9551977
0	9450537
0	9524355
0	9299698
0	9256184
0	9183067
0	8948909
0	9176827
0	8972065
0	9239826
0	9226719
0	9382026
0	8936143
0	8991036
0	9225847
0	9392615
0	9387408
0	9394743
0	9445932
0	9487427
0	9825801
0	9532027
0	9884046
0	10193111
0	10241712
0	10303720
0	10167538
0	10172927
0	10307392
0	10151850
0	10241375
0	10445005
0	10093238
0	10271732
0	10250423
0	10135570
0	10359316
0	10171074
0	10158400
0	10368396
0	10227433
0	10135231
0	10225100
0	10173563
0	10268195
0	10221108
0	10207175
0	10122837
0	10139898
0	10142780
0	10145072
0	9920031
0	10088417
0	10013248
0	9950200
0	10001728
0	9849549
0	9706487
0	10018240
0	9765278
0	9580195
0	9876405
0	9620523
0	9758655
0	9719278
0	9624247
0	9586297
0	9467220
0	9579747
1	9611167
0	9297591
0	9572233
0	9489135
0	9105036
0	9146935
0	9057820
0	9169961
0	9223577
0	9318898
0	9336962
0	9483685
0	9119450
0	9101170
0	9347361
0	9538311
0	9487087
0	9372847
0	9620122
0	9746263
0	9874211
0	9795138
0	9923624
0	9961714
0	10084797
0	10083616
0	9763803
0	9973439
0	9826160
0	9943994
0	9870891
0	9978660
0	9729699
0	9560686
0	9711433
0	9651117
0	9499373
0	9587428
0	9503869
0	9456671
0	9406676
0	9160797
0	9144199
0	9047709
0	9087927
0	8797494
0	8865152
0	8590509
0	8699409
0	8545393
0	8517582
0	8833697
0	8642584
0	8631596
0	8759622
0	8804259
0	8601653
0	8707247
0	8722745
0	8768507
0	8726522
0	8745021
0	8916118
0	9037718
0	8927420
0	8979707
0	8968142
0	9066637
0	9120989
0	9264414
0	9406084
0	9396133
0	9713651
0	9536041
0	9572796
0	9408002
0	9367322
0	9219285
0	9215965
0	9163019
0	9099845
0	9144633
0	9103455
0	9372110
0	9423205
0	9680651
0	9726923
0	9925884
0	10185549
0	10158648
0	10320427
0	10267094
0	10026071
0	10312781
0	10165070
0	10215670
0	10093533
0	10064942
0	9908952
0	10164892
0	10018199
0	9994768
0	9857973
0	9956349
0	9998811
0	9895542
0	9747638
0	9742268
0	9866594
0	9691726
0	9753397
0	9750906
0	9757504
0	9507377
0	9705906
0	9503311
0	9545624
0	9573563
0	9383138
0	9299540
0	9570346
0	8955138
0	8946220
0	9041704
0	9013870
0	9183129
0	9134818
0	9327626
0	9316065
0	9330352
0	9110377
0	9160476
0	9290264
0	9419166
0	9432290
0	9482826
0	9528250
0	9668662
0	9802475
0	9940740
0	10099855
0	10116157
0	10265477
0	10230367
0	10219278
0	10034730
0	9920038
0	10036540
0	10014129
0	10012245
0	10043620
0	9769462
0	9669198
0	10151256
0	9713303
0	9622505
0	9756084
0	9567224
0	9648039
0	9715440
0	9435839
0	9360091
0	9580159
0	9434985
0	9431448
0	9685855
0	9220662
0	9031156
0	9112834
0	9148893
0	8897053
0	8771776
0	9193543
0	9184130
0	8984089
0	8839918
0	8734389
0	8675771
0	8586025
0	8973113
0	8781834
0	8737408
0	8612575
0	8454051
0	8973258
0	8733912
0	8446284
0	8566207
0	8769374
0	8646817
0	8906228
0	8523752
0	8778086
0	8837583
0	8990713
0	8715184
0	8802962
0	8933487
0	8891213
0	8921061
0	9081052
0	8996179
0	8972743
0	9097835
0	8992606
0	9212297
0	9284649
0	9019863
0	9154601
0	9185678
0	9131159
0	9137912
0	9274845
0	9124913
0	9219090
0	9418079
0	9381009
0	9488683
0	9594815
0	9585385
0	9713870
0	9838234
0	9894788
0	10100025
0	10312740
0	9953991
0	10394241
0	9769450
0	10205455
0	9792087
0	10032823
0	10093649
0	9928461
0	9906606
0	9734608
0	10088836
0	9682407
0	9692246
0	9680871
0	9732730
0	9629456
0	9734357
0	9527090
0	9587716
0	9671491
0	9372988
0	9552225
0	9644664
0	9328372
0	9184573
0	9229901
0	9224499
0	9074449
0	8980094
0	9606926
0	9189742
0	9419873
0	9007606
0	9259397
0	9156236
0	9371484
0	9449431
0	9467830
0	9519928
0	9581473
0	9746726
0	9826361
0	10194550
0	10090332
0	10229135
0	10274982
0	10320433
0	10138896
0	10280528
0	10162950
0	10156466
0	10280427
0	10068938
0	10079030
0	10249746
0	9808358
0	10088267
0	10098632
0	10123455
0	10086166
0	10040064
0	10166257
0	10010934
0	10109743
0	9998577
0	9918419
0	9858931
0	10172853
0	9917914
0	10037745
0	9885493
0	10004304
0	9749799
0	9749963
0	9885054
0	9898251
0	9673296
0	9610697
0	9688444
0	9410549
0	9570348
0	9492819
0	9697047
0	9976941
0	10086001
0	9589514
0	9959735
0	9900049
0	9845706
0	9497405
0	9902774
0	9779244
0	9760312
0	9550608
0	9685191
0	9634567
0	9561673
0	9462646
0	9551121
0	9653600
0	9282019
0	9382978
0	9052020
0	9145947
0	9203469
0	9182362
0	9482035
0	9561812
0	9276858
0	9138612
0	9277014
0	9409602
0	9533646
0	9459599
0	9682119
0	9755256
0	9814575
0	9692321
0	10096718
0	10303970
0	10222260
0	10203923
0	10154718
0	10138327
0	10337751
0	10075014
0	10031254
0	9997348
0	10223371
0	9907971
0	9861344
0	9859266
0	9910216
0	9878847
0	9826408
0	9752985
0	9714028
0	9821275
0	9548530
0	9636933
0	9678679
0	9513740
0	9142656
0	9603851
0	9309506
0	9253824
0	9193541
0	9209434
0	9231763
0	9142029
0	8842790
0	8727672
0	8646695
0	8728318
0	8765545
0	8814489
0	8933624
0	8780443
0	8908475
0	8908712
0	8891926
0	9174646
0	9011249
0	9205960
0	9255859
0	9143987
0	9429521
0	9364171
0	9309017
0	9460625
0	9524045
0	9778702
0	9667218
0	9981288
0	9889949
0	10161846
0	9926250
0	9881951
0	9749000
0	9908273
0	9734294
0	9751960
0	9656049
0	9598960
0	9667329
0	9578680
0	9537079
0	9583144
0	9315359
0	9469042
0	9353842
0	9291610
0	9285207
0	9187213
0	9089411
0	8939989
0	8942116
0	9131159
0	9115725
0	9265864
0	9322259
0	9425046
0	9237342
0	9219302
0	9153220
0	9359821
0	9477081
0	9491558
0	9443815
0	9767356
0	9716783
0	9843318
0	10035655
0	10101692
0	10311307
0	10310164
0	10117807
0	10259733
0	10132871
0	10104382
0	9990741
0	9995283
0	10014896
0	10013123
0	9889286
0	9749973
0	9857741
0	9885570
0	9746759
0	9889747
0	9883835
0	9805274
0	9802571
0	9804761
0	9703569
0	9687003
0	9722967
0	9553327
0	9493882
0	9459667
0	9415576
0	9305752
0	9243789
0	9160066
0	9067133
0	9042568
0	9070057
0	9066895
0	9245305
0	9406689
0	9479416
0	9495265
0	9819414
0	10150262
0	9816371
0	9985753
0	9976543
0	9934674
0	9938203
0	9910454
0	9925860
0	9805982
0	10013051
0	9507327
0	9819719
0	9689920
0	9766718
0	9635179
0	9656711
0	9882992
0	9502134
0	9617971
0	9591418
0	9633947
0	9508940
0	9355962
0	9324726
0	9373082
0	9118451
0	9245357
0	9235268
0	9606228
0	9478447
0	9398528
0	9301970
0	9281514
0	9227196
0	9487850
0	9481754
0	9573807
0	9752669
0	9740895
0	9757819
0	10151189
0	10118040
0	10065055
0	10471931
0	10063014
0	10090578
0	10423425
0	10075994
0	10321443
0	10295182
0	10233681
0	10282023
0	10283460
0	10202573
0	10338617
0	10173434
0	10131113
0	10247108
0	10220991
0	10142503
0	10204092
0	10145066
0	10140830
0	9912604
0	10320965
0	10089987
0	10079250
0	10198659
0	9839659
0	10272326
0	10217017
0	9901838
0	10086887
0	10195715
0	10063427
0	10028204
0	9946153
0	9933488
0	9845620
0	9715686
0	9938647
0	9600301
0	9824854
0	9802335
0	9604863
0	9774367
0	9601250
0	9461030
0	9661770
0	9636597
0	9585526
0	9687015
0	9620325
0	9451097
0	9622942
0	9583497
0	9478710
0	9790696
0	9067144
0	9505280
0	9114019
0	9292632
0	9086393
0	8987276
0	8893869
0	8980925
0	9029872
0	9254418
0	9272512
0	9469951
0	9413778
0	9585114
0	9577367
0	9402883
0	9463099
0	9623957
0	9249572
0	9349424
0	9412705
0	9005115
0	8978645
0	9104579
0	9114065
0	9248421
0	9207167
0	9307091
0	9480091
0	9295495
0	9265886
0	9273915
0	9309942
0	9479456
0	9492263
0	9516009
0	9706289
0	9745671
0	9834320
0	9981650
0	10018298
0	10155565
0	10231116
0	10308556
0	10082027
0	10482055
0	10194330
0	10255400
0	10297442
0	10156564
0	10315623
0	10259476
0	10281247
0	10245547
0	10279539
0	10209431
0	10298106
0	10206162
0	10209341
0	10360623
0	10163183
0	10335648
0	10215357
0	10271948
0	10150588
0	10264775
0	10010308
0	10172808
0	10065995
0	10014782
0	10307446
0	9900358
0	10143622
0	9942281
0	9930785
0	10079524
0	9855350
0	9637094
0	9966233
0	9681612
0	9871876
0	9769155
0	9664819
0	9635638
0	9828675
0	9345608
0	9513038
0	9584136
0	9540698
0	9517703
0	9288420
0	9599230
0	9043099
0	9116798
0	9018870
0	9186823
0	9342866
0	9160081
0	9286640
0	9642857
0	9271580
0	8999181
0	9125145
0	9303441
0	9090744
0	9279737
0	9278285
0	9247720
0	9406000
0	9436169
0	9737920
0	9657236
0	9494837
0	9784079
0	9797169
0	9504213
0	9520519
0	9657690
0	9340286
0	9504930
0	9167704
0	9327315
0	9158130
0	9108368
0	8944914
0	9048155
0	8737830
0	8871659
0	8437174
0	8513720
0	8571219
0	8662131
0	8748205
0	8586801
0	8738238
0	8708141
0	8775969
0	8842449
0	8830655
0	8748049
0	9001447
0	8883419
0	8999393
0	9070330
0	9136997
0	9124677
0	9134743
0	9113776
0	9225532
0	9282351
0	9392098
0	9514272
0	9605037
0	9722218
0	9720978
0	9946538
0	10096001
0	10077243
0	10249266
0	10455319
0	10196735
0	10256892
0	10385085
0	10104400
0	10210970
0	10365632
0	10091932
0	10016529
0	10369565
0	9932187
0	10347342
0	9788800
0	10197082
0	9987240
0	9933503
0	10165690
0	9817554
0	9676056
0	10012433
0	9705403
0	9852991
0	9665186
0	9401830
0	9792796
0	9567020
0	9371130
0	9570561
0	9469423
0	9423920
0	9390910
0	9155729
0	9480519
0	8914484
0	9019331
0	8976816
0	9192556
0	9178233
0	9064638
0	9136461
0	9350616
0	9365662
0	9092023
0	9124480
0	9270723
0	9276526
0	9420171
0	9358495
0	9437374
0	9641731
0	9668426
0	9732426
0	9923283
0	9966677
0	10199697
0	10139727
0	9987576
0	10243581
0	10176950
0	9761049
0	9917219
0	10093578
0	10009137
0	10049617
0	9949515
0	10151377
0	10089220
0	9852347
0	9803560
0	9860609
0	9894607
0	9866669
0	9812743
0	9868618
0	9903925
0	9733207
0	9815952
0	9708587
0	9656920
0	9658202
0	9631293
0	9519788
0	9499128
0	9370973
0	9473225
0	9309370
0	9118013
0	9147923
0	9059554
0	9188526
0	9126965
0	9279909
0	9256599
0	9546891
0	9638572
0	9828603
0	10068813
0	10135246
0	9942032
0	10229082
0	10106407
0	9885516
0	10084788
0	10026218
0	9745031
0	9870688
0	9923296
0	9866642
0	9720864
0	9775139
0	9767288
0	9717442
0	9637202
0	9685287
0	9636526
0	9614412
0	9596170
0	9532763
0	9610544
0	9283283
0	9349823
0	9148180
0	9261894
0	9441566
0	9265195
0	9264234
0	9575342
0	9372480
0	9227017
0	9221565
0	9374758
0	9352071
0	9506209
0	9637664
0	9734259
0	9634554
0	9890044
0	10114338
0	10162934
0	10070108
0	10205396
0	10323323
0	10130555
0	10231729
0	10306096
0	10114754
0	10287944
0	10200702
0	10278728
0	10081229
0	10076072
0	10126144
0	10006235
0	10158123
0	10177661
0	9885190
0	10105508
0	10057136
0	9887249
0	10006086
0	9885331
0	9913087
0	9851460
0	9881133
0	9850205
0	9830736
0	9901224
0	9859204
0	9496929
0	9902016
0	9738435
0	9498243
0	9873166
0	9445441
0	9606688
0	9456633
0	9376878
0	9584222
0	9584392
0	9515878
0	9722964
0	9646076
0	9839414
0	9829226
0	9737827
0	9817554
0	9958994
0	9759842
0	10041856
0	9801731
0	9939288
0	10089703
0	10004606
0	10103674
0	9953185
0	9958328
0	10011437
0	9956411
0	10036100
0	9565772
0	9886238
0	9759690
0	9628555
0	9788234
0	9581046
0	9400756
0	9466425
0	9369726
0	9474895
0	9244391
0	9431311
0	9137477
0	9117178
0	8945126
0	8987339
0	8924229
0	9073001
0	8957357
0	9017914
0	9220975
0	9025267
1	9164585
0	9093154
0	9147385
0	9149446
0	9045212
0	9103834
0	9339237
0	9307998
0	9065345
0	9182731
0	9277529
0	9111052
6	9230901
0	9460356
0	9308854
0	9443920
3	9518162
0	9754915
0	9886858
0	9789466
0	9755656
0	10067900
0	9589350
0	9702818
0	9692206
0	9844647
0	9512571
0	9577495
0	9581547
0	9456044
0	9460711
7	9444289
0	9301930
0	9325984
0	9173305
0	9210507
0	9170032
0	8969438
0	8887778
0	8700770
0	8632860
0	8905002
0	8791456
0	8838511
0	8909616
0	8951494
0	9169669
0	9031931
0	8969558
0	9130031
0	9130197
0	9413799
0	9360499
0	9486893
0	9528920
0	9702342
0	9753303
0	9756817
0	9834722
0	9988040
0	10143802
0	10307598
0	10234863
0	10244303
0	10228740
0	10232309
0	10239393
0	10164173
0	10305273
0	9819353
0	10110355
0	10131414
0	10012066
0	10013113
0	10148314
0	9961750
0	9781761
0	9782446
0	10059660
0	9772571
1	9699357
0	10087763
0	9870541
1	9560751
0	9883192
0	9615710
0	9763328
0	9641614
0	9556774
0	9520390
0	9548030
0	9434475
0	9308189
0	9197398
0	9280539
2	9220193
0	9394737
0	9431695
1	9410322
1	9424164
0	9384952
0	9481792
0	9382310
0	9698893
0	9659361
0	9794199
0	9828532
0	10077118
0	10110903
0	10358775
0	10235690
0	10257952
0	10214274
1	10263718
0	10283267
1	10253394
0	10266516
0	10249121
0	10224738
0	10259642
0	10350279
0	10155682
0	10275127
0	10387727
0	10320434
0	10218383
0	10356510
1	10330051
0	10138543
0	10318877
0	10290592
0	10227068
0	10220299
0	10104377
0	10377344
0	9954506
0	10021737
0	10224391
0	9707532
0	10114891
0	10095332
0	9911573
0	9762295
0	9758516
0	9882818
0	9720189
1	9721173
0	9786731
0	9734573
0	9518588
0	9591145
0	9516448
0	9707857
0	9411718
1	9313638
3	9489367
0	9406485
0	9271580
0	9152435
0	9122367
0	8998250
0	9076574
0	9241705
0	9373768
0	9314710
0	9214206
0	9142546
0	9331333
0	9256121
0	9487846
0	9392946
0	9434914
0	9640769
0	9745725
0	9900055
0	9818595
0	10151297
0	10093781
0	10341316
0	10149928
0	9956082
0	10019730
0	10140066
0	9922772
0	9979251
0	10096983
0	9955812
0	9883407
0	9911862
0	9949965
0	9890903
0	9792446
0	9918008
0	9846812
0	9889655
0	9753294
0	9689662
0	9797028
0	9684624
0	9487582
0	9568077
0	9612637
0	9397810
0	9337893
0	9271116
0	9134491
0	9295221
0	9134568
0	9011741
2	9249100
0	9385238
0	9500316
0	9588394
0	9863240
0	9972784
0	10077511
0	10305355
0	10236122
0	10195504
0	10019078
0	10299353
0	10111052
7	10037986
0	10452167
0	9739999
0	10182734
0	9982703
0	9958004
0	9964949
0	10024963
0	9959451
0	9944694
0	9766497
0	9910680
0	9800603
2	9749700
0	9945921
1	9832521
0	9693828
0	9672790
0	9666737
0	9721614
0	9595548
0	9539189
0	9477521
1	9402987
10	9076386
0	9408807
0	8992746
0	9034647
0	9195772
0	9218962
0	9382699
0	9171445
0	9157680
0	9165701
0	9336523
0	9218090
0	9473122
0	9380516
0	9582424
0	9754385
0	9649291
0	9959439
0	10047552
0	10169863
0	10014222
0	10475936
0	10335317
0	10150524
1	10460904
0	10240177
0	10140317
0	10258846
0	10335835
0	9878540
0	10121819
0	10207011
0	9935677
0	10076040
0	10067501
0	9927504
0	9960452
0	9876113
0	9825998
0	9861542
0	9637964
0	9891356
0	9678099
0	9706884
0	9766303
0	9605098
0	9593269
0	9543406
0	9281471
0	9378321
0	9277212
0	9385743
0	9226066
0	9117040
0	9021531
3	8752872
6	8668626
0	8492925
0	8494064
0	8610257
0	8718657
0	8680516
0	8672286
0	8760030
0	8815182
0	8813202
0	8821314
0	8945450
0	8919147
0	8974241
0	9102817
0	9108194
0	9168870
0	9068732
0	9133040
0	9045152
0	9273771
5	9244189
1	9455994
0	9488073
0	9510161
0	9289835
0	9610151
0	9394552
0	9929829
0	9904827
0	9771412
0	9873175
0	9672200
0	9802121
0	9673773
0	9645209
15	9551522
0	9583333
0	9437805
0	9440436
0	9413258
0	9473113
0	9332621
0	9383149
0	9331474
0	9204319
0	9047343
0	9092602
0	9022599
0	9040889
0	9187568
0	9149612
0	9338775
0	9382795
0	9201719
0	9121361
5	9326589
0	9350391
0	9359687
0	9493521
0	9519717
0	9675365
0	9589688
0	9911598
1	9932366
0	10122521
0	10192258
0	10155314
0	10397490
24	10316580
6	10078930
0	10355033
0	10155673
10	10273179
1	10179071
3	10110545
0	10051440
0	10028163
0	10054893
0	10022471
0	10024773
0	9896563
0	9884514
0	9890212
0	9783903
0	9710621
1	9684347
0	9641036
0	9616052
0	9661543
0	9524166
0	9544590
0	9543027
0	9405401
1	9394849
2	9295327
0	9391676
0	8892578
0	9157218
9	8893076
1	8787851
0	8894031
0	8877577
0	8798268
0	8778073
0	8856447
3	8829450
1	8857384
74	9004296
0	9007342
0	9095445
0	9062542
0	9209661
0	9280244
0	9450916
1	9556396
0	9717105
0	9776985
0	9613767
0	9472734
0	9522976
6	9532130
0	9393143
0	9245504
0	9201263
0	9656519
0	9674924
0	9507877
0	9584124
0	9518927
0	9484674
1	9518082
0	9417668
2	9267620
0	9149550
0	9081875
0	8982198
0	9071460
1	9066030
0	9204989
0	9174350
0	9173499
0	9233674
0	9294380
0	9330011
0	9385599
0	9538409
0	9531850
0	9634802
0	10031545
0	9928486
0	10078618
0	9963967
0	10325778
0	10218565
0	10055632
0	10070717
0	9926008
0	10022067
0	10104246
0	9968691
0	9860611
0	9881159
0	9993257
0	9597000
0	9781219
0	9687519
0	9600142
0	9784088
0	9510942
0	9491950
0	9473190
0	9561168
0	9245363
0	9209539
0	9217484
0	9109253
1	9040806
0	9286885
0	8953981
0	8798329
0	8596041
0	8678939
0	8699024
0	8625814
0	8626870
0	8826622
0	8833423
0	8870617
0	8864469
0	8891139
0	8937028
0	8951572
1	9115276
3	9163253
0	9200365
0	9288675
0	9302510
0	9399170
0	9395072
2	9529061
0	9540650
0	9717375
0	10045651
0	9747109
0	10096737
0	9950097
0	9973800
0	10053431
0	10110004
0	9799695
0	10047298
0	10015995
0	9859532
0	9762261
0	9871646
5	9755120
1	9732452
0	9596262
0	9681609
0	9531658
0	9610859
0	9664928
0	9531664
0	9594142
0	9451375
0	9355522
0	9234500
0	9222278
0	9192792
0	9250207
0	9407974
0	9471386
0	9373195
0	9176593
0	9274370
0	9362815
0	9403309
2	9475823
0	9736606
0	9621023
0	9675170
0	9963658
0	9732096
0	10088719
0	9866169
0	10170733
0	10346983
0	10427788
0	9977095
3	10144326
0	10256444
0	9940189
0	9998291
0	9989022
0	10151456
0	9904432
0	9849834
0	9839398
0	9840552
0	9822580
0	9889029
0	10008693
0	9715873
0	9875735
0	9730635
0	9648860
0	9694406
1	9526053
0	9586942
0	9485219
0	9555471
0	9400855
0	9419016
0	9284252
0	9138084
0	9028691
0	9121646
0	9064498
0	9089011
0	9322884
4	9294080
0	9516256
0	9612923
0	9943496
0	9927089
0	10176481
0	10325091
0	10176646
1	10204013
0	10138279
12	10102456
0	10166861
0	10168178
0	10310261
0	9850616
0	10261368
0	9838661
0	10044699
0	9947014
0	10029255
0	9740139
0	9915476
0	10078133
0	9727687
0	9959066
0	9590530
1	9765789
0	9749668
0	9564139
0	9934409
0	9595531
0	9675831
0	9510271
0	9538351
1	9615907
0	9332420
0	9255424
0	9285385
0	9069403
0	9182062
0	9122961
0	9236105
0	9223577
0	9310149
0	9116954
0	9335324
0	9360897
4	9263930
3	9493866
7	9570815
0	9457556
1	9735044
8	9965496
0	9737658
2	9819968
6	10140289
1	10099721
5	10162298
3	9998270
0	9905853
0	9941073
0	9933772
0	9981130
0	9962015
0	9585602
0	9670500
0	9605142
0	9716236
0	9700526
0	9413921
0	9585092
0	9333411
0	9234979
2	9161872
33	9333614
11	9115779
11	8855554
0	8920272
0	8904261
2	8655354
3	8948830
1	8719774
0	8715672
1	8529698
0	8834134
7	8696472
0	8481030
0	8528238
0	8784837
0	8313935
0	8952345
0	8636542
0	8313716
3	8576604
0	8861225
2	8672186
0	8594796
0	8849091
0	8770855
2	8601082
5	8904134
0	8824527
0	8827263
0	9066045
0	9013516
32	8834034
92	9071131
53	9144664
99	9029428
33	9175672
51	9245715
9	9091313
40	9001636
40	9300338
7	9157012
1	9232723
0	9327560
0	9371146
4	9515001
0	9441642
0	9360428
11	9647548
0	9820801
2	9817753
0	9754547
0	9970996
1	10102829
0	9872598
0	9854431
0	10108070
0	9714267
0	9828812
0	9956360
31	9712353
39	9821953
6	9609004
0	9507127
0	9672825
0	9600513
0	9573484
0	9650709
0	9701586
0	9558501
0	9604904
0	9845988
0	9672597
0	9725337
0	9542729
0	9296998
0	9459553
0	9541947
0	9507094
0	9666762
0	9705019
1	9672852
0	9534831
0	9530071
0	9731834
0	9480276
0	9430968
0	9372448
0	9399397
0	9340520
0	9293785
0	9136607
0	9099781
0	9067628
0	9157293
0	9006837
2	9295882
0	9196634
0	9286614
0	9257282
0	9209207
0	9242703
0	9359862
0	9409728
0	9609321
0	9477825
0	9623998
0	9863250
0	9898336
0	10029703
0	10180654
0	10507628
0	10334425
0	10066874
2	10357879
3	10276212
0	10168546
25	10337254
3	10174695
20	10136010
3	10055170
1	10127909
20	10008412
21	10217273
0	9843048
0	10055607
0	9881698
0	10039248
0	10138351
0	10085977
0	9675370
0	10001663
0	9967776
0	9811188
0	9907805
0	9741777
0	9548626
0	9521036
0	9557376
0	9424456
0	9424527
0	9532524
0	9076220
0	9203209
0	9282968
0	8598059
0	9248542
0	8987324
0	8902551
0	9313645
0	9274646
0	9055046
0	9151550
0	9256461
0	9257863
0	9194906
0	9030372
0	8912368
0	9052092
0	8884014
0	8549267
0	8617877
0	8689916
0	8708564
0	8736052
0	8814305
0	8656307
0	8960390
1	8928313
0	8908408
0	8807918
0	8965326
0	8952887
0	8961403
0	9060739
0	9009226
0	9190179
0	9220075
0	9044787
0	9281755
0	9218602
0	9136215
0	9539731
0	9557897
0	9628236
0	9691745
2	9597098
0	9651931
0	9521579
0	9464828
0	9391790
0	9438258
0	9369540
0	9124310
0	9286216
0	9237311
0	8871176
0	8945630
0	8890600
0	9076413
0	8912599
0	9154062
0	9209924
0	9314533
0	9142932
0	9122093
0	9223844
0	9244846
0	9377915
0	9415959
0	9612707
1	9538809
0	9614121
0	9679630
0	9867137
0	9906644
0	10094162
0	10221177
0	10279366
0	10280904
0	10213611
0	10152451
0	10224977
0	10255313
0	10277803
0	10073248
0	10272472
0	10271013
0	10238616
0	10267910
0	10336361
0	10243607
0	10301252
0	10334762
0	10256808
0	10340990
0	10296782
0	10242689
1	10331321
1	10318883
0	10158299
0	10345014
0	10071500
0	10243180
0	9970818
0	10158308
0	9952809
0	10089181
0	9844717
0	10001562
0	9859768
0	9963327
0	9788767
0	9746481
0	9701209
0	9699328
12	9589196
0	9508116
0	9756629
0	9288233
0	9379015
0	9336622
2	9198819
2	9192557
0	8984025
0	8800564
0	9052636
0	8799557
0	8543608
0	8977831
0	8817863
0	8444640
0	8914008
0	8601676
0	8794778
0	8331346
0	8784254
1	8655085
0	8600692
0	8661438
0	8522027
0	8627838
4	8788240
1	8690152
3	8532829
0	8318721
0	8855428
0	8572477
0	8495167
0	8544339
0	8386611
0	8466398
0	8647727
0	8400087
0	8578560
8	8565696
4	8837467
0	8312017
0	8620311
0	8747103
0	8532380
0	8594653
0	8851279
0	8691325
0	8709407
0	9047490
2	8928534
0	8770906
0	9041388
0	8871844
0	9004429
0	9090283
0	9169103
0	9038818
0	9220607
0	9123589
0	9197338
1	9514076
0	9436135
0	9380965
0	9465192
0	9526135
0	9704786
0	9798903
0	10047504
0	10032592
0	10115519
0	10236650
0	10120859
0	10105158
0	10012570
0	10041650
0	10108569
0	9804704
0	9963881
0	9944774
0	9935556
0	9866447
0	9969612
2	9916485
0	9893684
0	9715308
0	9831493
0	9855680
0	9785868
0	9713443
0	9710833
0	9592125
0	9504729
0	9567655
0	9548245
0	9315996
0	9430517
0	9272224
0	9247563
0	9098192
0	9006087
0	9225101
0	9314572
0	9512209
0	9514559
0	9733226
0	9904872
0	10110931
0	10246303
0	10143444
0	10235573
0	10292723
8	10054661
4	10145075
0	10179212
0	10233294
0	9948866
0	10164480
0	10047022
0	9800630
0	10026536
0	9955247
0	9864078
0	9965455
0	9932015
0	9903264
7	9731167
0	9759189
0	9771561
0	9749546
0	9609341
0	9767536
0	9736867
0	9533213
1	9564085
0	9627109
0	9325766
1	9482540
0	9342637
0	9124551
0	9171057
0	9162122
0	9076518
0	9220005
0	9308178
2	9138517
0	9238789
5	9114154
1	9422787
0	9284049
0	9284824
0	9437094
0	9480673
0	9634921
0	9620455
0	9896835
0	10023756
0	10168534
2	10326972
0	10062226
0	10350349
0	10304831
0	10004953
0	10170055
0	10272205
0	10235592
0	10286136
0	10009985
0	10153883
0	10137953
0	10272927
0	9976273
1	10182952
0	10257383
0	10117350
0	9920755
0	9997492
0	10237982
0	10120381
0	10043557
0	10248977
0	10298010
0	10058151
0	10124246
0	10321114
0	9862599
0	10088330
0	10069213
0	9945376
0	10059799
0	9884892
0	9842834
0	10105201
0	9811166
0	9729422
0	9752076
0	9646544
0	9793427
2	9782411
0	9392209
0	9737815
0	9713071
0	9260047
0	9286142
0	9276017
0	9533045
0	9258599
0	8875346
0	9180273
0	8991542
0	8792134
0	8985238
0	9040354
0	8924697
0	8723714
0	8933125
0	8716946
0	9048976
0	8970877
0	8748799
0	9077545
0	8924996
0	9149997
0	9174761
0	8851980
0	8995130
0	9103471
0	9200377
1	9028405
0	9204855
0	9212342
0	8907714
0	8899459
0	8587978
1	8571645
1	8658979
0	8912278
0	8755226
0	8880850
0	8938289
0	8684850
0	8938671
0	8936804
0	9084823
1	9170145
0	9270460
0	9244604
0	9141894
0	9249584
0	9270327
0	9435298
0	9593335
0	9647381
0	9609501
0	9690736
3	9938338
0	10143364
0	10249300
0	10247397
0	10314730
0	10440108
0	10096577
0	10341475
0	10376307
0	10151449
0	10310198
1	10290679
0	10383134
0	10217847
0	10261507
0	10268924
0	10221435
0	10388334
0	10224718
0	10363062
0	10303632
0	10217735
1	10205654
2	10293593
0	10128782
0	10231664
0	10124581
0	10315697
0	9953728
0	10016310
0	10044377
0	9987918
0	10011402
0	9942637
0	10017173
0	10038997
0	9880768
0	9686725
2	9594740
0	9956211
0	9786223
0	9795149
0	9629660
0	9736584
0	9666368
0	9449755
0	9268285
1	9820722
0	9557119
0	9302683
0	9353954
2	9172016
0	9208449
0	9069599
0	9343703
0	9358103
0	9245987
0	9425192
0	9244988
0	9186182
0	9316012
0	9444798
0	9441338
0	9519673
0	9668182
0	9707394
0	9884264
0	10027471
0	10032174
0	10239193
0	10436883
0	10260546
0	10332186
0	10234540
0	10213889
0	10267646
0	10261019
0	10125922
0	10219156
0	10313028
0	10140735
0	10279369
0	10344118
0	10052875
0	10246710
0	10429757
0	10027838
0	10311792
0	10192011
0	10187030
0	10199830
0	10124767
0	10038145
0	10066239
0	10058927
0	9989902
0	9899276
0	10011239
0	9981439
0	9782477
0	9872771
0	9991475
0	9657433
0	9759274
0	9603011
0	9700248
0	9668869
0	9560698
0	9506902
0	9550357
0	9541491
0	9442163
0	9470698
0	9309711
0	9375813
0	9394804
0	9176936
0	9243297
0	9172722
0	9112471
0	9252620
0	9419045
0	9376841
0	9166324
0	9147680
0	9320832
0	9438667
0	9400171
0	9400091
0	9657599
0	9670209
0	9791379
0	9808696
0	9840953
0	10087280
0	10116753
0	10399125
0	10222693
0	10160320
0	10055959
0	10210000
0	9951175
0	10044391
0	9976956
0	9974125
0	9836592
0	9941264
0	9814424
0	10006576
0	9872958
0	9813491
0	9729584
0	9920883
0	9767367
0	9742586
0	9816633
0	9651113
0	9577015
0	9693236
0	9412477
0	9596354
0	9409747
0	9450208
0	9209437
0	9244538
0	9187069
0	9028394
0	9237588
0	9311007
0	9291394
0	9337723
0	9591787
0	9616964
0	9874475
0	10337466
0	9986716
0	9989349
0	10075238
0	9968444
0	9877820
0	9934862
0	9810142
0	9937330
0	9727758
0	9703865
0	9706497
0	9750515
0	9776360
0	9561002
0	9771074
0	9810601
0	9545626
0	9720034
0	9755681
0	9505775
0	9511105
0	9465280
0	9413455
0	9252221
0	9177417
0	9332379
0	9258529
0	9214378
0	9347222
0	9419800
0	9382548
0	9393741
0	9366024
0	9532759
0	9573383
0	9482235
0	9731171
0	9742856
0	9612708
0	9922848
0	9838319
0	9960757
0	9986602
0	10015047
0	9851995
0	9854929
0	9745229
0	9719834
0	9568326
0	9681099
0	9741443
0	9470678
0	9450511
0	9515453
0	9379922
0	9228003
0	9208066
0	9157365
0	9119444
0	8955688
0	9045014
0	8826180
0	8665814
0	8691429
0	8570810
0	8735967
0	8657989
0	8735200
0	8701839
0	8960676
0	8912431
0	8967069
0	8915804
0	8971331
0	8973283
0	9187354
0	9110923
0	9359481
0	9468444
0	9390341
0	9434663
0	9538371
0	9660652
0	9860448
0	10007071
0	10023971
0	10198800
0	10356022
0	10301193
0	10177146
0	10381671
0	10169217
0	10187261
0	10316148
0	10058097
0	10263892
0	10273556
0	10266420
0	10151588
0	10177084
0	9993479
0	10377267
0	9883277
0	10021969
0	10007867
0	9919450
0	10082401
0	9949274
0	9825886
0	9946486
0	9794867
0	9855949
0	9655774
0	9697044
0	9708904
0	9751543
0	9544559
0	9438436
0	9656750
0	9407767
0	9519880
0	9363299
0	9192277
0	9508815
0	9103234
0	9094917
0	9044262
0	9211244
0	9200336
0	9254625
0	9257917
0	9292317
0	9024588
0	9305304
0	9176699
0	9366161
0	9150613
0	9488531
0	9479906
0	9664224
0	9599234
0	9661025
0	9959386
0	10016506
0	10320820
0	10009261
0	10264202
0	10320360
0	10218157
0	10238985
0	10365197
0	10247006
0	10348806
0	10155503
0	10212686
0	10320084
0	10307413
0	10256896
0	10153677
0	10308871
0	10212535
0	10182027
0	10389438
0	10244937
0	10202643
0	10394057
0	10114417
0	10191594
0	10198744
0	10346079
0	10183312
0	10202392
0	10284180
0	9884662
0	10164674
0	10050845
0	9932536
0	10029021
0	9952709
0	10027642
0	9688859
0	9976486
0	9730388
0	9888747
0	9526091
0	9840682
0	9724311
0	9625208
0	9567445
0	9620668
0	9491531
0	9368218
0	9495006
0	9407450
0	9335179
0	9202155
0	9100646
0	9091769
0	9179684
0	9053291
0	9300086
0	9206740
0	9183308
0	8991345
0	9171756
0	9116630
0	9349489
0	9250085
0	9459333
0	9506492
0	9652474
0	9571802
0	9784728
0	9941818
0	10130555
0	10242958
0	10317508
0	10208520
0	10095155
0	10380919
0	10178875
0	10328595
0	10270418
0	10127004
0	10249015
0	10252687
0	10201198
0	10301580
0	10205464
0	10197109
0	10249087
0	10197978
0	10225956
0	10257585
0	10246172
0	10197924
0	10219205
0	10151685
0	10160953
0	10161114
0	10160922
0	10143128
0	9934428
0	10003727
0	9976953
0	9927217
0	10138810
0	9839580
0	9810083
0	9696518
0	9922096
0	9697492
0	9732271
0	9674940
0	9822298
0	9636615
0	9588589
0	9568061
0	9677223
0	9396550
0	9546927
0	9233025
0	9736938
0	9369526
0	9067125
0	8973653
0	9301125
0	9205028
0	9236425
0	9235546
0	9297763
0	9348910
0	9262729
0	9108756
0	9331995
0	9556063
0	9518982
0	9504450
0	9652283
0	9727911
0	9800388
0	9899710
0	10064627
0	9854374
0	10218572
0	9882342
0	9838988
0	9919910
0	10099121
0	9867855
0	9812556
0	9837779
0	9693939
0	9843992
0	9517197
0	9569018
0	9624367
0	9590763
0	9215786
0	9390937
0	9449993
0	9147957
0	9213641
0	8982466
0	9030134
0	8717147
0	8800081
0	8587704
0	8682023
0	8566255
0	8758300
0	8472353
0	8720915
0	8730718
0	8785299
0	8527871
0	8700574
0	8646942
0	8730708
0	8998246
0	8779336
0	8851739
0	8859448
0	8905256
0	8916196
0	8976020
0	8955151
0	9033250
0	9179746
0	9169524
0	9441890
0	9582052
0	9704625
0	9464675
0	9580949
0	9422492
0	9305045
0	9294745
0	9122341
0	9080165
0	9088797
0	9203085
0	9174121
0	9401158
0	9451755
0	9730113
0	9813924
0	9979426
0	10111525
0	10299991
0	10249391
0	10145260
0	10217670
0	10252616
0	10064802
0	10311358
0	9984479
0	10079346
0	10075600
0	10164953
0	9869296
0	10075372
0	9802063
0	10015534
0	10069780
0	9668115
0	9871731
0	9817374
0	9687715
0	9756349
0	9724452
0	9747849
0	9763017
0	9622944
0	9720495
0	9503573
0	9430285
0	9424150
0	9408403
0	9346876
0	9276942
0	8977772
0	9110455
0	9056260
0	9037078
0	9168501
0	9147382
0	9407073
0	9231986
0	9212716
0	9236352
0	9072555
0	9316863
0	9460891
0	9420314
0	9516003
0	9591827
0	9583948
0	9925562
0	9947179
0	10150158
0	10200446
0	10149276
0	10150565
0	10205818
0	10057747
0	10019644
0	9920801
0	10042886
0	10126039
0	9819828
0	9840937
0	9893651
0	9797729
0	9701562
0	9793174
0	9583827
0	9666108
0	9638098
0	9691477
0	9456387
0	9473016
0	9382847
0	9512338
0	9419003
0	9429078
0	9254374
0	9111157
0	9055721
0	9037416
0	9103170
0	8948823
0	8898126
0	8941269
0	8822552
0	8705230
0	8951649
0	8970463
0	8606603
0	8604378
0	8872709
0	8708690
0	8719636
0	8522271
0	8611567
0	8723301
0	8724788
0	8562700
0	8594739
0	8860681
0	8750783
0	8602383
0	8877223
0	8655380
0	9041632
0	8837839
0	8685385
0	8870893
0	8961211
0	9078163
0	8883275
0	8951479
0	9106880
0	9026240
0	9170997
0	9034958
0	9150296
0	9279396
0	9053589
0	9099185
0	9238125
0	9228029
0	9038960
0	9217046
0	9257908
0	9369743
0	9447041
0	9543478
0	9549976
0	9654239
0	9704882
0	9916107
0	9958755
0	10154129
0	10115934
0	10118114
0	10320418
0	9858638
0	10117363
0	10014689
0	10064225
0	10071402
0	9730060
0	10134052
0	9735080
0	9852575
0	9799384
0	9647112
0	9620280
0	9916510
0	9528668
0	9639711
0	9593836
0	9613709
0	9481174
0	9464490
0	9642196
0	9397858
0	9367678
0	9155504
0	9138020
0	9256387
0	9176720
0	9350183
0	9222897
0	9226373
0	9168969
0	9261344
0	9185771
0	9235817
0	9275137
0	9463081
0	9509949
0	9502252
0	9595865
0	9918321
0	9914300
0	10069793
0	10172938
0	10317688
0	10159325
0	10224876
0	10248933
0	10154363
0	10249035
0	10262592
0	10151068
0	10050200
0	10107909
0	10163548
0	9980581
0	10115526
0	9932114
0	10127214
0	10183310
0	9998593
0	10034162
0	10070645
0	10135288
0	9840294
0	9970804
0	9901519
0	10144291
0	9882876
0	10094856
0	9889412
0	9943504
0	9722633
0	10046194
0	9721652
0	9679296
0	9685703
0	9702737
0	9600464
0	9355516
0	9575301
0	9785640
0	9757805
0	9921458
0	9785332
0	9938397
0	9941958
0	9702658
0	9843765
0	9614621
0	9847444
0	9860857
0	9620352
0	9551716
0	9666383
0	9506623
0	9534300
0	9622923
0	9519305
0	9411591
0	9296995
0	9136112
0	9282398
0	9210925
0	9226964
0	9415012
0	9276763
0	9366732
0	9290562
0	9191463
0	9365946
0	9386144
0	9438753
0	9503528
0	9850092
0	9603511
0	9893449
0	9928322
0	10012333
0	10318648
0	10390950
0	10047957
0	9990618
0	10222259
0	10354412
0	10020778
0	10169189
0	10016261
0	9973208
0	10073794
0	9979954
0	9919003
0	9841465
0	9886644
0	9807127
0	9787906
0	9660518
0	9655083
0	9567234
0	9707429
0	9606980
0	9434861
0	9498900
0	9353269
0	9159582
0	9268749
0	9268883
0	9098825
0	9232035
0	8988353
0	8787090
0	8759763
0	8708288
0	8663040
0	8706639
0	8760074
0	8948328
0	8921530
0	8925242
0	8921336
0	9052062
0	8920493
0	9013300
0	9373325
0	9146163
0	9325432
0	9310273
0	9311846
0	9409936
0	9546070
0	9536015
0	9942548
0	9743409
0	9969748
0	9944331
0	9989869
0	9953450
0	9811493
0	9845374
0	9875116
0	9667095
0	9703497
0	9585013
0	9650390
0	9800202
0	9454407
0	9550299
0	9252280
0	9559533
0	9235706
0	9441629
0	9313352
0	9241066
0	9135344
0	9097207
0	8871719
0	9190571
0	8937639
0	9270656
0	9190268
0	9307165
0	9265721
0	9260312
0	9205233
0	9301778
0	9303320
0	9473977
0	9456978
0	9624352
0	9523250
0	9813832
0	10029783
0	9947789
0	10213998
0	10331843
0	10162804
0	10177686
0	10350434
0	10028894
0	10242745
0	10113451
0	9996944
0	9811497
0	9949642
0	9846472
0	9857966
0	9904891
0	9795875
0	9868977
0	9920905
0	9700033
0	9759897
0	9849245
0	9755013
0	9727147
0	9603135
0	9681547
0	9579828
0	9430817
0	9528497
0	9264353
0	9296477
0	9192788
0	9077483
0	9106491
0	9080005
0	9093280
0	9032446
0	9309896
0	9409299
0	9541686
0	9704101
0	9791956
0	10063740
0	9825607
0	10067852
0	9957958
0	9899126
0	10150558
0	9779312
0	10016724
0	9719520
0	10059194
0	9667170
0	9665079
0	9715242
0	9756333
0	9620057
0	9682429
0	9728934
0	9529865
0	9523320
0	9695274
0	9507053
0	9602102
0	9323333
0	9289414
0	9246485
0	9294412
0	9216257
0	9433583
0	9378977
0	9445474
0	9243748
0	9340080
0	9233452
0	9535357
0	9388058
0	9473296
0	9711604
0	9632970
0	9796092
0	9986253
0	9966675
0	10054798
0	10390727
0	10140940
0	10151079
0	10344465
0	10290605
0	10286701
0	10193331
0	10261298
0	10151717
0	10325714
0	10248350
0	10177762
0	10442015
0	10045217
0	10200625
0	10304918
0	10151544
0	10165917
0	10274446
0	9981660
0	9975563
0	10251832
0	10099562
0	10134183
0	10121248
0	9946920
0	10114825
0	10384495
0	9919952
0	10048225
0	10267167
0	10047671
0	9997789
0	10059268
0	9844793
0	10008721
0	9788369
0	9803796
0	9875196
0	9736714
0	9682151
0	9687641
0	9771758
0	9593868
0	9431742
0	9696481
0	9496095
0	9628341
0	9738182
0	9627693
0	9646786
0	9633873
0	9498706
0	9604079
0	9510013
0	9679326
0	9091853
0	9185698
0	9153590
0	9087967
0	9486574
0	8656320
0	9236849
0	8776463
0	9384154
0	8971614
0	9420465
0	9351933
0	9574722
0	9560410
0	9467171
0	9545681
0	9396219
0	9430137
0	9127275
0	9463898
0	9254552
0	8987066
0	9093802
0	9127426
0	9087453
0	9212909
0	9374517
0	9349787
0	9301898
0	9318470
0	9306290
0	9306870
0	9405998
0	9395762
0	9494779
0	9674579
0	9780741
0	9640285
0	9863053
0	9994074
0	10080285
0	10191035
0	10380716
0	10201202
0	10198546
0	10327779
0	10166650
0	10312835
0	10226449
0	10211263
0	10242052
0	10213812
0	10263395
0	10330914
0	10248460
0	10192238
0	10316332
0	10237996
0	10240305
0	10363641
0	10154945
0	10297176
0	10236179
0	10142704
0	10051744
0	10356610
0	10188473
0	10076955
0	10150133
0	9986542
0	10238870
0	9898247
0	9974575
0	10072952
0	9863191
0	10265540
0	9668724
0	10058655
0	9521017
0	9763807
0	9989846
0	9641170
0	9609204
0	9682752
0	9660397
0	9488471
0	9433401
0	9607836
0	9591034
0	9355615
0	9190928
0	9504264
0	9008738
0	9204071
0	9080522
0	9293400
0	9196242
0	9380144
0	9224158
0	9306955
0	9269730
0	9257442
0	9073091
0	9207604
0	9223132
0	9103621
0	9437927
0	9376730
0	9361466
0	9663800
0	9572331
0	9649738
0	9709133
0	9709933
0	9569371
0	9558833
0	9679663
0	9546940
0	9343960
0	9482782
0	9339894
0	9174351
0	9035439
0	9100843
0	9064551
0	8570539
0	8829882
0	8820446
0	8450199
0	8527587
0	8606374
0	8516307
0	8722450
0	8649907
0	8788553
0	8697645
0	8771213
0	8888479
0	8732471
0	8786003
0	9014058
0	8900670
0	9044713
0	9061332
0	9110761
0	9117398
0	9009240
0	9208435
0	9257176
0	9361758
0	9399956
0	9479448
0	9586429
0	9733562
0	9757015
0	10033848
0	10133842
0	10201752
0	10291847
0	10298759
0	10196553
0	10408225
0	10184674
0	10311936
0	10178784
0	10250057
0	10163513
0	10150679
0	10155866
0	10085087
0	10279914
0	9958186
0	10022305
0	9967033
0	10018092
0	10067397
0	9797827
0	9865343
0	9791780
0	9760246
0	9735858
0	9665820
0	9591074
0	9792594
0	9562271
0	9328843
0	9410987
0	9467504
0	9416513
0	9289746
0	9320578
0	9262277
0	8883572
0	9143620
0	8879128
0	9173843
0	9215320
0	9032855
0	9196660
0	9468277
0	9119257
0	9221056
0	9075781
0	9252933
0	9443362
0	9189694
0	9493502
0	9490280
0	9605027
0	9689316
0	9883626
0	9867961
0	10001454
0	10248830
0	9970372
0	10026843
0	10214566
0	9925130
0	9953896
0	10348833
0	9804273
0	10053260
0	10102740
0	9907547
0	10220609
0	9934025
0	9750369
0	9965953
0	9897981
0	9810190
0	9841402
0	9821458
0	9882859
0	9835173
0	9675344
0	9802584
0	9721440
0	9721269
0	9620014
0	9624985
0	9470021
0	9585065
0	9441973
0	9376058
0	9196746
0	9138870
0	9159653
0	9006444
0	9202795
0	9106865
0	9302724
0	9470125
0	9603785
0	9764146
0	9797822
0	10105311
0	10207149
0	9794727
0	10226324
0	10081069
0	10017518
0	10283860
0	9702440
0	9936935
0	9770335
0	9876476
0	9837820
0	9940214
0	9552978
0	9816743
0	9747850
0	9705782
0	9668301
0	9493666
0	9417469
0	9737095
0	9598272
0	9356049
0	9280971
0	9420867
0	9130186
0	9256935
0	9329247
0	9466768
0	9263223
0	9462127
0	9275381
0	9375267
0	9137686
0	9333829
0	9471458
0	9464527
0	9742579
0	9626509
0	9752150
0	9986620
0	9970365
0	10117958
0	10320605
0	10205698
0	10099366
0	10389204
0	10238389
0	10135938
0	10221040
0	10330228
0	10055744
0	10238901
0	10216285
0	9879892
0	10203890
0	10094849
0	10123448
0	10003754
0	10036100
0	10067480
0	10021627
0	9909437
0	9911015
0	9931628
0	9864708
0	9890415
0	9839157
0	9776251
0	9924334
0	9871063
0	9740684
0	9718898
0	9613790
0	9668532
0	9774904
0	9594934
0	9546075
0	9525042
0	9262577
0	9559551
0	9636656
0	9396035
0	9873940
0	9574360
0	9519252
0	9984911
0	9864826
0	9496541
0	10031629
0	9960353
0	9742014
0	9986203
0	9909511
0	10018811
0	10044522
0	10099709
0	10058307
0	9949902
0	9914918
0	10075842
0	9795712
0	10112875
0	9673823
0	9659087
0	9784027
0	9690188
0	9874337
0	9423246
0	9579868
0	9491107
0	9383840
0	9380742
0	9336297
0	9075653
0	9221803
0	9016010
0	8865021
0	9090475
0	9097922
0	8884408
0	8860825
0	9064088
0	9086445
0	9107705
0	9240484
0	9050356
0	9019988
0	9132047
0	9245103
0	9060036
0	9298332
0	9277999
0	9147000
0	9174023
0	9159438
0	9327993
0	9425300
0	9365940
0	9321108
0	9576702
0	9525943
0	9698629
0	9960257
0	9830988
0	9805814
0	9837871
0	9739624
0	9694549
0	9707333
0	9660727
0	9534275
0	9594979
0	9539126
0	9549931
0	9517037
0	9300245
0	9320909
0	9148621
0	9179539
0	9217101
0	9054269
0	8884951
0	8855749
0	8716017
0	8688198
0	8846614
0	8759858
0	8906238
0	8827181
0	9167817
0	8980932
0	9040834
0	9105789
0	9186079
0	9093078
0	9317179
0	9314608
0	9669762
0	9783320
0	9432304
0	9761883
0	9771756
0	9949809
0	10213285
0	10114730
0	10196794
0	10362442
0	10154324
0	10221481
0	10306195
0	10217898
0	10129477
0	10327565
0	9884007
0	10032533
0	10107358
0	10140697
0	10199606
0	9705939
0	9988603
0	10023855
0	9855593
0	9828605
0	10002188
0	9526638
0	9894080
0	9730869
0	9914931
0	9870614
0	9579164
0	9613508
0	9516118
0	9548531
0	9528152
0	9487431
0	9520821
0	9269000
0	9091160
0	9439191
0	9309005
0	9325124
0	9649105
0	9533273
0	9091436
0	9453600
0	9470866
0	9618975
0	9570520
0	9646593
0	9887134
0	9875580
0	10084513
0	10158234
0	10294172
0	10232187
0	10293036
0	10218373
0	10283011
0	10305775
0	10307706
0	10218195
0	10142206
0	10425317
0	10194265
0	10266511
0	10342205
0	10359170
0	10104572
0	10330292
0	10338513
0	10243426
0	10324887
0	10299497
0	10142981
0	10326910
0	10297723
0	10080445
0	10236626
0	10468883
0	9767328
0	10018911
0	10159376
0	10002805
0	10204169
0	9909793
0	9935215
0	9710193
0	9950337
0	9878630
0	9744530
0	9462374
0	9779323
0	9633884
0	9587696
0	9663942
0	9592840
0	9465978
0	9240543
0	9568220
0	9294404
0	9255004
0	9432476
0	9118743
0	8843114
0	9127924
0	9167338
0	9443746
0	9340611
0	9223090
0	9140271
0	9192641
0	9185376
0	9378007
0	9521782
0	9443527
0	9490558
0	9667779
0	9754437
0	9884686
0	10035129
0	10136699
0	10241539
0	10194481
0	10185868
0	10132864
0	10087260
0	9905246
0	10029090
0	10079698
0	9967163
0	9990730
0	9908814
0	9929543
0	9803438
0	9793971
0	9965085
0	9745981
0	9736590
0	9902823
0	9834698
0	9740218
0	9620182
0	9747393
0	9587333
0	9408785
0	9491922
0	9526912
0	9260068
0	9286462
0	9054441
0	9095203
0	9192632
0	9118827
0	9286248
0	9410608
0	9669810
0	9590856
0	9895598
0	9983885
0	10175675
0	10295226
0	10150074
0	10207361
0	10229503
0	10145976
0	10106211
0	10220389
0	10228132
0	9869516
0	10063253
0	10043501
0	10161453
0	9981157
0	10222406
0	9593876
0	9913408
0	9955737
0	9762649
0	9898906
0	9616087
0	9801806
0	9789271
0	9738364
0	9800418
0	9710951
0	9453632
0	9512938
0	9524528
0	9445686
0	9285356
0	9455606
0	9015152
0	8993580
0	9147830
0	9312862
0	9508219
0	9310648
0	9257411
0	8949584
0	9208131
0	9234616
0	9192026
0	9634812
0	9415002
0	9640879
0	9708200
0	9755045
0	9911608
0	10103357
0	10035016
0	10423487
0	10266749
0	10136692
0	10415129
0	10440022
0	10142589
0	10091925
0	10309486
0	10224262
0	10302107
0	10111207
0	10181171
0	9909454
0	10064070
0	9998078
0	10007938
0	9860907
0	9824917
0	9905327
0	9750314
0	9850577
0	9705211
0	9653731
0	9581962
0	9683388
0	9675019
0	9568707
0	9533313
0	9432099
0	9367391
0	9293496
0	9217966
0	9209625
0	9139186
0	9052435
0	8515506
0	8612822
0	8699990
0	8488617
0	8510044
0	8666948
0	8592447
0	8782494
0	8754385
0	8927088
0	8843334
0	8876718
0	8856765
0	8980458
0	8965020
0	9094863
0	9225987
0	9307145
0	8947628
0	9135530
0	9108405
0	9257596
0	9316627
0	9555281
0	9497444
0	9498933
0	9127601
0	9529373
0	9772489
0	9808781
0	10034083
0	9658339
0	9895913
0	9650640
0	9648257
0	9623545
0	9685676
0	9610983
0	9497692
0	9490241
0	9580604
0	9348525
0	9421826
0	9292804
0	9239988
0	9394732
0	9097918
0	9072175
0	9146299
0	8987503
0	9021035
0	9184795
0	9322611
0	9458620
0	9184331
0	9277971
0	9154540
0	9219921
0	9285327
0	9586686
0	9408498
0	9550468
0	9667081
0	9736184
0	9765757
0	10055657
0	9955488
0	10199995
0	10396942
0	10245670
0	10196078
0	10299662
0	10243580
0	10324414
0	10034194
0	10226227
0	10216138
0	9996714
0	10145480
0	9906551
0	9961991
0	10014613
0	9996205
0	9788786
0	9810099
0	9776017
0	9724001
0	9669672
0	9481430
0	9628559
0	9580513
0	9513649
0	9574871
0	9504306
0	9380031
0	9308770
